mala, 8, 1757.86, 0.903
zambujeira, 10, 2197.32, 1.000
muro, 10, 2197.32, 1.000
senta, 2, 439.46, 0.301
graciosa, 6, 1318.39, 0.778
trancoso, 1, 219.73, 0.000
secas, 2, 439.46, 0.301
real, 219, 48121.29, 2.340
cavalinho, 1, 219.73, 0.000
maceira, 1, 219.73, 0.000
chão, 33, 7251.15, 1.519
forno, 5, 1098.66, 0.699
seia, 5, 1098.66, 0.699
caridade, 11, 2417.05, 1.041
estar, 406, 89211.16, 2.609
pombalinho, 1, 219.73, 0.000
pestana, 2, 439.46, 0.301
monsaraz, 7, 1538.12, 0.845
poça, 2, 439.46, 0.301
saída, 145, 31861.13, 2.161
âncora, 2, 439.46, 0.301
cansados, 2, 439.46, 0.301
parceiro, 26, 5713.03, 1.415
cabrito, 3, 659.20, 0.477
adão, 37, 8130.08, 1.568
bombas, 3, 659.20, 0.477
nariz, 7, 1538.12, 0.845
mogege, 1, 219.73, 0.000
desgraça, 1, 219.73, 0.000
navais, 4, 878.93, 0.602
ratos, 12, 2636.78, 1.079
inferno, 6, 1318.39, 0.778
azóia, 1, 219.73, 0.000
mecas, 1, 219.73, 0.000
ascenção, 1, 219.73, 0.000
barradas, 2, 439.46, 0.301
cabanelas, 1, 219.73, 0.000
mortágua, 13, 2856.52, 1.114
cabeceiras, 2, 439.46, 0.301
balcão, 19, 4174.91, 1.279
escola, 216, 47462.10, 2.334
cima, 73, 16040.43, 1.863
lavra, 4, 878.93, 0.602
travancinha, 2, 439.46, 0.301
voltas, 5, 1098.66, 0.699
barroca, 1, 219.73, 0.000
garcia, 18, 3955.17, 1.255
espanha, 258, 56690.84, 2.412
tercena, 1, 219.73, 0.000
frança, 180, 39551.75, 2.255
carreiras, 10, 2197.32, 1.000
chancela, 2, 439.46, 0.301
souto, 1, 219.73, 0.000
costeira, 20, 4394.64, 1.301
bicos, 2, 439.46, 0.301
arca, 2, 439.46, 0.301
portos, 4, 878.93, 0.602
função, 74, 16260.16, 1.869
bexiga, 1, 219.73, 0.000
golegã, 6, 1318.39, 0.778
caldeira, 6, 1318.39, 0.778
glória, 9, 1977.59, 0.954
zambujal, 2, 439.46, 0.301
valbom, 2, 439.46, 0.301
caiadas, 1, 219.73, 0.000
aguiar, 16, 3515.71, 1.204
lançada, 27, 5932.76, 1.431
ligeiras, 1, 219.73, 0.000
brasileira, 34, 7470.89, 1.531
cigana, 2, 439.46, 0.301
ramada, 2, 439.46, 0.301
torrão, 1, 219.73, 0.000
ameixial, 1, 219.73, 0.000
cargas, 4, 878.93, 0.602
forte, 181, 39771.48, 2.258
mourão, 3, 659.20, 0.477
carvoeiro, 1, 219.73, 0.000
viana, 43, 9448.47, 1.633
luso, 11, 2417.05, 1.041
santarém, 28, 6152.49, 1.447
salgadas, 1, 219.73, 0.000
odivelas, 1, 219.73, 0.000
trovoada, 6, 1318.39, 0.778
preto, 13, 2856.52, 1.114
cerejo, 1, 219.73, 0.000
farto, 1, 219.73, 0.000
touro, 6, 1318.39, 0.778
pastorinhos, 1, 219.73, 0.000
rival, 16, 3515.71, 1.204
pena, 157, 34497.91, 2.196
casais, 125, 27466.49, 2.097
segura, 19, 4174.91, 1.279
fonte, 396, 87013.84, 2.598
buraquinho, 1, 219.73, 0.000
açores, 91, 19995.61, 1.959
abel, 17, 3735.44, 1.230
amares, 1, 219.73, 0.000
rio, 192, 42188.53, 2.283
revolta, 11, 2417.05, 1.041
céu, 14, 3076.25, 1.146
julia, 1, 219.73, 0.000
casebres, 1, 219.73, 0.000
abegoa, 1, 219.73, 0.000
esperança, 54, 11865.52, 1.732
vieira, 97, 21314.00, 1.987
cinfães, 1, 219.73, 0.000
perelhal, 1, 219.73, 0.000
figueiredo, 25, 5493.30, 1.398
poços, 1, 219.73, 0.000
torno, 37, 8130.08, 1.568
estremoz, 5, 1098.66, 0.699
cavaco, 197, 43287.19, 2.294
charneca, 5, 1098.66, 0.699
cancela, 5, 1098.66, 0.699
silvestre, 10, 2197.32, 1.000
amarelas, 1, 219.73, 0.000
coura, 7, 1538.12, 0.845
caminho, 145, 31861.13, 2.161
abreu, 10, 2197.32, 1.000
calhetas, 1, 219.73, 0.000
sobreiras, 3, 659.20, 0.477
ajuda, 169, 37134.70, 2.228
caravelas, 1, 219.73, 0.000
torre, 29, 6372.23, 1.462
paredes, 36, 7910.35, 1.556
areias, 2, 439.46, 0.301
carreira, 77, 16919.36, 1.886
minutos, 340, 74708.86, 2.531
mosteiro, 11, 2417.05, 1.041
infesta, 1, 219.73, 0.000
crato, 13, 2856.52, 1.114
brufe, 1, 219.73, 0.000
passo, 70, 15381.23, 1.845
lixa, 4, 878.93, 0.602
cantanhede, 1, 219.73, 0.000
douro, 96, 21094.26, 1.982
sacavém, 2, 439.46, 0.301
cacia, 4, 878.93, 0.602
alcouce, 1, 219.73, 0.000
gusmão, 1, 219.73, 0.000
raposa, 6, 1318.39, 0.778
cães, 29, 6372.23, 1.462
marques, 61, 13403.65, 1.785
mealhada, 3, 659.20, 0.477
abrantes, 14, 3076.25, 1.146
cruzeiros, 7, 1538.12, 0.845
arraiais, 1, 219.73, 0.000
maiorca, 3, 659.20, 0.477
camões, 9, 1977.59, 0.954
freita, 1, 219.73, 0.000
taveira, 1, 219.73, 0.000
bairro, 72, 15820.70, 1.857
roque, 4, 878.93, 0.602
dueça, 2, 439.46, 0.301
morais, 44, 9668.20, 1.643
a-dos-pretos, 1, 219.73, 0.000
azambuja, 1, 219.73, 0.000
santa, 104, 22852.12, 2.017
marés, 6, 1318.39, 0.778
alva, 2, 439.46, 0.301
matas, 1, 219.73, 0.000
algés, 1, 219.73, 0.000
auditor, 1, 219.73, 0.000
carvalhos, 1, 219.73, 0.000
machado, 46, 10107.67, 1.663
chelas, 2, 439.46, 0.301
figueiras, 3, 659.20, 0.477
terras, 39, 8569.55, 1.591
silveira, 17, 3735.44, 1.230
banco, 1023, 224785.76, 3.010
beirões, 1, 219.73, 0.000
vala, 8, 1757.86, 0.903
cascais, 40, 8789.28, 1.602
fernandes, 42, 9228.74, 1.623
janeiro, 317, 69655.02, 2.501
tamanhos, 1, 219.73, 0.000
alcabideche, 3, 659.20, 0.477
paul, 23, 5053.83, 1.362
rebelo, 50, 10986.60, 1.699
longos, 5, 1098.66, 0.699
resende, 4, 878.93, 0.602
baleizão, 1, 219.73, 0.000
lanhoso, 6, 1318.39, 0.778
fundada, 4, 878.93, 0.602
quintanilha, 3, 659.20, 0.477
ovar, 5, 1098.66, 0.699
pousada, 5, 1098.66, 0.699
manos, 1, 219.73, 0.000
travessa, 3, 659.20, 0.477
estoril, 17, 3735.44, 1.230
sintra, 37, 8130.08, 1.568
oliveiras, 2, 439.46, 0.301
feteira, 1, 219.73, 0.000
varanda, 2, 439.46, 0.301
franca, 13, 2856.52, 1.114
armazéns, 6, 1318.39, 0.778
elvas, 7, 1538.12, 0.845
castanheiros, 1, 219.73, 0.000
tom, 37, 8130.08, 1.568
terreiro, 2, 439.46, 0.301
montemor-o-velho, 3, 659.20, 0.477
valpaços, 1, 219.73, 0.000
espera, 145, 31861.13, 2.161
vermelhos, 1, 219.73, 0.000
vimioso, 3, 659.20, 0.477
eucaliptos, 1, 219.73, 0.000
fetal, 2, 439.46, 0.301
rodeado, 9, 1977.59, 0.954
loureiro, 19, 4174.91, 1.279
mimosa, 1, 219.73, 0.000
pombal, 24, 5273.57, 1.380
cuba, 29, 6372.23, 1.462
casal, 99, 21753.46, 1.996
abrigada, 1, 219.73, 0.000
fontarcada, 1, 219.73, 0.000
xisto, 6, 1318.39, 0.778
luzia, 1, 219.73, 0.000
palmas, 11, 2417.05, 1.041
esmoriz, 2, 439.46, 0.301
maia, 46, 10107.67, 1.663
oliveira, 121, 26587.56, 2.083
robalo, 2, 439.46, 0.301
óbidos, 1, 219.73, 0.000
melo, 13, 2856.52, 1.114
fátima, 23, 5053.83, 1.362
boal, 2, 439.46, 0.301
portas, 157, 34497.91, 2.196
lisboa, 679, 149197.98, 2.832
pedrosa, 25, 5493.30, 1.398
araújo, 17, 3735.44, 1.230
entalada, 1, 219.73, 0.000
lapa, 1, 219.73, 0.000
belo, 8, 1757.86, 0.903
egito, 13, 2856.52, 1.114
ala, 4, 878.93, 0.602
carvalhal, 1, 219.73, 0.000
alijó, 4, 878.93, 0.602
guincho, 7, 1538.12, 0.845
ázere, 1, 219.73, 0.000
salga, 1, 219.73, 0.000
baixinho, 3, 659.20, 0.477
gato, 33, 7251.15, 1.519
grades, 5, 1098.66, 0.699
capelinha, 1, 219.73, 0.000
silves, 2, 439.46, 0.301
tróia, 5, 1098.66, 0.699
peça, 21, 4614.37, 1.322
albergaria-a-velha, 12, 2636.78, 1.079
muda, 11, 2417.05, 1.041
cardosas, 3, 659.20, 0.477
cabeça, 111, 24390.24, 2.045
luz, 139, 30542.74, 2.143
oeiras, 19, 4174.91, 1.279
álvaro, 24, 5273.57, 1.380
boavista, 41, 9009.01, 1.613
calada, 1, 219.73, 0.000
mendes, 61, 13403.65, 1.785
agra, 2, 439.46, 0.301
balneário, 12, 2636.78, 1.079
povos, 14, 3076.25, 1.146
chaminé, 5, 1098.66, 0.699
murteira, 1, 219.73, 0.000
pousa, 1, 219.73, 0.000
novos, 177, 38892.55, 2.248
solteiras, 3, 659.20, 0.477
macau, 2, 439.46, 0.301
candeeiros, 1, 219.73, 0.000
sul, 193, 42408.26, 2.286
barroselas, 1, 219.73, 0.000
bocal, 1, 219.73, 0.000
aflitos, 2, 439.46, 0.301
além, 342, 75148.32, 2.534
ester, 3, 659.20, 0.477
lajes, 5, 1098.66, 0.699
tondela, 26, 5713.03, 1.415
governos, 47, 10327.40, 1.672
morena, 1, 219.73, 0.000
residência, 77, 16919.36, 1.886
rodeios, 2, 439.46, 0.301
vinhas, 5, 1098.66, 0.699
lago, 10, 2197.32, 1.000
tesouro, 39, 8569.55, 1.591
guilherme, 32, 7031.42, 1.505
araújos, 1, 219.73, 0.000
olivais, 1, 219.73, 0.000
mata, 23, 5053.83, 1.362
feitos, 58, 12744.45, 1.763
almeida, 70, 15381.23, 1.845
ouvida, 3, 659.20, 0.477
barreiro, 12, 2636.78, 1.079
arez, 1, 219.73, 0.000
conseguinte, 1, 219.73, 0.000
parcerias, 6, 1318.39, 0.778
chave, 18, 3955.17, 1.255
condados, 3, 659.20, 0.477
vendas, 27, 5932.76, 1.431
armamar, 1, 219.73, 0.000
guarda, 69, 15161.50, 1.839
darei, 1, 219.73, 0.000
ourique, 1, 219.73, 0.000
manteigas, 2, 439.46, 0.301
cova, 6, 1318.39, 0.778
penso, 21, 4614.37, 1.322
cidade, 304, 66798.51, 2.483
loures, 13, 2856.52, 1.114
sobreiros, 2, 439.46, 0.301
parceria, 35, 7690.62, 1.544
amores, 1, 219.73, 0.000
concelho, 118, 25928.37, 2.072
crucifixo, 3, 659.20, 0.477
seco, 1, 219.73, 0.000
tirado, 6, 1318.39, 0.778
sardoal, 5, 1098.66, 0.699
capela, 13, 2856.52, 1.114
soito, 1, 219.73, 0.000
ulmeiro, 2, 439.46, 0.301
bonfim, 3, 659.20, 0.477
nazaré, 9, 1977.59, 0.954
barbudos, 1, 219.73, 0.000
moinhos, 1, 219.73, 0.000
massa, 25, 5493.30, 1.398
meão, 1, 219.73, 0.000
ramalho, 5, 1098.66, 0.699
loriga, 1, 219.73, 0.000
sé, 22, 4834.10, 1.342
brancas, 25, 5493.30, 1.398
chãs, 1, 219.73, 0.000
velada, 2, 439.46, 0.301
açorda, 2, 439.46, 0.301
nabo, 1, 219.73, 0.000
ramos, 40, 8789.28, 1.602
mira, 7, 1538.12, 0.845
colheita, 3, 659.20, 0.477
fraga, 3, 659.20, 0.477
adegas, 4, 878.93, 0.602
painel, 6, 1318.39, 0.778
ribeiro, 53, 11645.79, 1.724
pinheiro, 37, 8130.08, 1.568
basto, 4, 878.93, 0.602
fragoso, 2, 439.46, 0.301
branca, 62, 13623.38, 1.792
ramalhete, 1, 219.73, 0.000
horta, 10, 2197.32, 1.000
capucho, 3, 659.20, 0.477
moreira, 85, 18677.21, 1.929
vagos, 1, 219.73, 0.000
corvo, 12, 2636.78, 1.079
braços, 16, 3515.71, 1.204
mera, 4, 878.93, 0.602
corrida, 42, 9228.74, 1.623
coudelaria, 1, 219.73, 0.000
mouraz, 1, 219.73, 0.000
amarante, 13, 2856.52, 1.114
benfica, 419, 92067.68, 2.622
tulha, 3, 659.20, 0.477
faria, 31, 6811.69, 1.491
cerca, 663, 145682.27, 2.822
campo, 80, 17578.55, 1.903
idanha-a-nova, 1, 219.73, 0.000
renda, 17, 3735.44, 1.230
pico, 17, 3735.44, 1.230
cambres, 1, 219.73, 0.000
lousã, 6, 1318.39, 0.778
crença, 2, 439.46, 0.301
morgado, 18, 3955.17, 1.255
viatodos, 1, 219.73, 0.000
cristelo, 1, 219.73, 0.000
baldio, 3, 659.20, 0.477
alcochete, 2, 439.46, 0.301
caveira, 1, 219.73, 0.000
fornelos, 1, 219.73, 0.000
costa, 639, 140408.70, 2.806
fecho, 17, 3735.44, 1.230
mateus, 4, 878.93, 0.602
peneda, 2, 439.46, 0.301
portela, 13, 2856.52, 1.114
porto, 1196, 262799.38, 3.078
amorosa, 8, 1757.86, 0.903
viveiro, 1, 219.73, 0.000
cavaleiro, 2, 439.46, 0.301
arganil, 2, 439.46, 0.301
convento, 5, 1098.66, 0.699
laranjeira, 4, 878.93, 0.602
benavente, 1, 219.73, 0.000
galvão, 1, 219.73, 0.000
salvador, 23, 5053.83, 1.362
sesimbra, 5, 1098.66, 0.699
torneira, 1, 219.73, 0.000
eras, 1, 219.73, 0.000
carriço, 9, 1977.59, 0.954
defesa, 257, 56471.11, 2.410
vale, 80, 17578.55, 1.903
irão, 62, 13623.38, 1.792
guardas, 18, 3955.17, 1.255
montijo, 12, 2636.78, 1.079
talho, 1, 219.73, 0.000
almada, 15, 3295.98, 1.176
barcarena, 1, 219.73, 0.000
nisa, 3, 659.20, 0.477
santiago, 18, 3955.17, 1.255
amarela, 3, 659.20, 0.477
palhais, 1, 219.73, 0.000
rosas, 2, 439.46, 0.301
fialho, 1, 219.73, 0.000
california, 1, 219.73, 0.000
polo, 10, 2197.32, 1.000
carros, 51, 11206.33, 1.708
belém, 52, 11426.06, 1.716
moimenta, 2, 439.46, 0.301
lamego, 9, 1977.59, 0.954
gonçalo, 22, 4834.10, 1.342
nespereira, 1, 219.73, 0.000
alentejo, 43, 9448.47, 1.633
sapos, 3, 659.20, 0.477
chaos, 1, 219.73, 0.000
silgueiros, 1, 219.73, 0.000
nova, 493, 108327.84, 2.693
criado, 37, 8130.08, 1.568
passos, 341, 74928.59, 2.533
mato, 6, 1318.39, 0.778
pego, 4, 878.93, 0.602
machados, 1, 219.73, 0.000
paradas, 1, 219.73, 0.000
cruzeiro, 6, 1318.39, 0.778
pampilhosa, 6, 1318.39, 0.778
trinta, 9, 1977.59, 0.954
penacova, 1, 219.73, 0.000
gémeos, 1, 219.73, 0.000
fachada, 8, 1757.86, 0.903
altura, 220, 48341.02, 2.342
pisões, 2, 439.46, 0.301
sapato, 3, 659.20, 0.477
vidago, 2, 439.46, 0.301
sumidouro, 2, 439.46, 0.301
camila, 1, 219.73, 0.000
pega, 1, 219.73, 0.000
candal, 1, 219.73, 0.000
boca, 24, 5273.57, 1.380
falcão, 2, 439.46, 0.301
presas, 10, 2197.32, 1.000
almancil, 2, 439.46, 0.301
antanhol, 3, 659.20, 0.477
aveiro, 55, 12085.26, 1.740
arruda, 1, 219.73, 0.000
outeiro, 2, 439.46, 0.301
taveiro, 3, 659.20, 0.477
moutinho, 2, 439.46, 0.301
correia, 49, 10766.86, 1.690
foz, 25, 5493.30, 1.398
pola, 1, 219.73, 0.000
tendas, 3, 659.20, 0.477
cascão, 1, 219.73, 0.000
azeitão, 1, 219.73, 0.000
tomadas, 33, 7251.15, 1.519
cidadelhe, 1, 219.73, 0.000
modernos, 6, 1318.39, 0.778
malta, 9, 1977.59, 0.954
dão, 47, 10327.40, 1.672
peta, 2, 439.46, 0.301
sever, 2, 439.46, 0.301
monte, 37, 8130.08, 1.568
primeiro, 450, 98879.37, 2.653
peixoto, 9, 1977.59, 0.954
navarro, 2, 439.46, 0.301
calçada, 10, 2197.32, 1.000
ferro, 60, 13183.92, 1.778
alvaiázere, 1, 219.73, 0.000
barril, 1, 219.73, 0.000
mazarefes, 1, 219.73, 0.000
relação, 321, 70533.95, 2.507
quadra, 7, 1538.12, 0.845
salomão, 1, 219.73, 0.000
barco, 21, 4614.37, 1.322
pedras, 11, 2417.05, 1.041
ansiães, 2, 439.46, 0.301
pinhel, 1, 219.73, 0.000
versadas, 1, 219.73, 0.000
obra, 30, 6591.96, 1.477
rochas, 4, 878.93, 0.602
adega, 3, 659.20, 0.477
prado, 2, 439.46, 0.301
arbonça, 1, 219.73, 0.000
corgo, 1, 219.73, 0.000
amorim, 13, 2856.52, 1.114
aldeias, 8, 1757.86, 0.903
candelária, 1, 219.73, 0.000
sales, 2, 439.46, 0.301
pontes, 13, 2856.52, 1.114
rodeados, 3, 659.20, 0.477
padreiro, 1, 219.73, 0.000
pedreira, 1, 219.73, 0.000
massas, 2, 439.46, 0.301
tocha, 1, 219.73, 0.000
encontro, 213, 46802.90, 2.328
folga, 3, 659.20, 0.477
camarão, 1, 219.73, 0.000
valente, 16, 3515.71, 1.204
leonel, 7, 1538.12, 0.845
fontanelas, 1, 219.73, 0.000
grândola, 6, 1318.39, 0.778
caixas, 18, 3955.17, 1.255
marcela, 1, 219.73, 0.000
colónias, 1, 219.73, 0.000
castro, 30, 6591.96, 1.477
minas, 2, 439.46, 0.301
mondego, 9, 1977.59, 0.954
barreiras, 13, 2856.52, 1.114
alto, 88, 19336.41, 1.944
valas, 1, 219.73, 0.000
anais, 1, 219.73, 0.000
bacelar, 1, 219.73, 0.000
conceição, 16, 3515.71, 1.204
pintado, 2, 439.46, 0.301
bravo, 4, 878.93, 0.602
cobre, 8, 1757.86, 0.903
meios, 93, 20435.07, 1.968
lordelo, 2, 439.46, 0.301
varela, 35, 7690.62, 1.544
poiares, 5, 1098.66, 0.699
escusa, 2, 439.46, 0.301
camelo, 1, 219.73, 0.000
cavaleiros, 11, 2417.05, 1.041
areal, 2, 439.46, 0.301
penas, 30, 6591.96, 1.477
hortas, 1, 219.73, 0.000
carvalho, 83, 18237.75, 1.919
ordens, 12, 2636.78, 1.079
simões, 23, 5053.83, 1.362
caparica, 10, 2197.32, 1.000
martim, 4, 878.93, 0.602
sousa, 147, 32300.59, 2.167
carneiro, 35, 7690.62, 1.544
matosinhos, 37, 8130.08, 1.568
barreiros, 5, 1098.66, 0.699
ascensão, 6, 1318.39, 0.778
alpiarça, 1, 219.73, 0.000
mouriscas, 2, 439.46, 0.301
montouto, 1, 219.73, 0.000
chapa, 1, 219.73, 0.000
lares, 17, 3735.44, 1.230
canis, 3, 659.20, 0.477
pereira, 112, 24609.98, 2.049
quartos, 46, 10107.67, 1.663
mindinho, 1, 219.73, 0.000
praia, 45, 9887.94, 1.653
baratas, 1, 219.73, 0.000
gata, 1, 219.73, 0.000
palmela, 3, 659.20, 0.477
cotovia, 4, 878.93, 0.602
guadalupe, 4, 878.93, 0.602
caseiros, 4, 878.93, 0.602
cal, 2, 439.46, 0.301
valença, 4, 878.93, 0.602
alho, 1, 219.73, 0.000
serenada, 3, 659.20, 0.477
termas, 2, 439.46, 0.301
contador, 1, 219.73, 0.000
cem, 15, 3295.98, 1.176
prada, 1, 219.73, 0.000
raso, 4, 878.93, 0.602
portalegre, 10, 2197.32, 1.000
petisqueira, 1, 219.73, 0.000
fontoura, 1, 219.73, 0.000
canal, 97, 21314.00, 1.987
gaio, 1, 219.73, 0.000
antes, 447, 98220.17, 2.650
gondramaz, 1, 219.73, 0.000
moradias, 1, 219.73, 0.000
talasnal, 1, 219.73, 0.000
cabo, 64, 14062.84, 1.806
alvarinho, 2, 439.46, 0.301
argozelo, 1, 219.73, 0.000
golos, 102, 22412.66, 2.009
arcos, 27, 5932.76, 1.431
padrões, 9, 1977.59, 0.954
sameiro, 1, 219.73, 0.000
fábrica, 10, 2197.32, 1.000
lázaro, 3, 659.20, 0.477
galegos, 4, 878.93, 0.602
leões, 60, 13183.92, 1.778
combro, 1, 219.73, 0.000
bernardo, 6, 1318.39, 0.778
revenda, 2, 439.46, 0.301
feira, 43, 9448.47, 1.633
ajude, 9, 1977.59, 0.954
cabine, 14, 3076.25, 1.146
évora, 20, 4394.64, 1.301
cortado, 3, 659.20, 0.477
pires, 43, 9448.47, 1.633
foral, 1, 219.73, 0.000
viegas, 1, 219.73, 0.000
solar, 5, 1098.66, 0.699
ílhavo, 2, 439.46, 0.301
bolhão, 1, 219.73, 0.000
azia, 1, 219.73, 0.000
póvoa, 30, 6591.96, 1.477
meda, 1, 219.73, 0.000
veloso, 3, 659.20, 0.477
ferreira, 244, 53614.59, 2.387
lugares, 62, 13623.38, 1.792
reserva, 39, 8569.55, 1.591
espinheiro, 1, 219.73, 0.000
necessidade, 142, 31201.93, 2.152
galé, 1, 219.73, 0.000
dores, 8, 1757.86, 0.903
loulé, 2, 439.46, 0.301
piloto, 39, 8569.55, 1.591
salão, 8, 1757.86, 0.903
sagres, 3, 659.20, 0.477
conde, 16, 3515.71, 1.204
deserto, 2, 439.46, 0.301
termos, 158, 34717.64, 2.199
valdevez, 6, 1318.39, 0.778
melhorado, 2, 439.46, 0.301
gramas, 16, 3515.71, 1.204
seixal, 18, 3955.17, 1.255
escolas, 209, 45923.97, 2.320
cercado, 1, 219.73, 0.000
manique, 1, 219.73, 0.000
aguda, 2, 439.46, 0.301
freguesia, 49, 10766.86, 1.690
tapado, 2, 439.46, 0.301
gondomar, 27, 5932.76, 1.431
tunes, 3, 659.20, 0.477
feitoria, 4, 878.93, 0.602
riba, 1, 219.73, 0.000
passado, 488, 107229.18, 2.688
vidal, 3, 659.20, 0.477
hotel, 156, 34278.18, 2.193
guimarães, 94, 20654.80, 1.973
melgaço, 1, 219.73, 0.000
batalha, 16, 3515.71, 1.204
flores, 23, 5053.83, 1.362
caldas, 14, 3076.25, 1.146
rota, 24, 5273.57, 1.380
postos, 51, 11206.33, 1.708
alves, 28, 6152.49, 1.447
nobres, 2, 439.46, 0.301
lugar, 279, 61305.21, 2.446
cavadas, 1, 219.73, 0.000
rocha, 30, 6591.96, 1.477
ovelhas, 1, 219.73, 0.000
calvário, 1, 219.73, 0.000
arinto, 1, 219.73, 0.000
soeiro, 3, 659.20, 0.477
bens, 61, 13403.65, 1.785
espinho, 4, 878.93, 0.602
soma, 22, 4834.10, 1.342
marinhos, 1, 219.73, 0.000
conselho, 295, 64820.92, 2.470
rossio, 4, 878.93, 0.602
tira, 2, 439.46, 0.301
abertas, 13, 2856.52, 1.114
graça, 22, 4834.10, 1.342
fundo, 225, 49439.68, 2.352
gigante, 16, 3515.71, 1.204
fato, 3, 659.20, 0.477
reduto, 12, 2636.78, 1.079
belas, 4, 878.93, 0.602
amada, 1, 219.73, 0.000
lousada, 2, 439.46, 0.301
escada, 2, 439.46, 0.301
campos, 32, 7031.42, 1.505
maranhão, 3, 659.20, 0.477
cunha, 66, 14502.31, 1.820
cavalo, 11, 2417.05, 1.041
cortes, 63, 13843.11, 1.799
retiro, 1, 219.73, 0.000
fão, 2, 439.46, 0.301
gostei, 2, 439.46, 0.301
ceira, 1, 219.73, 0.000
caracol, 1, 219.73, 0.000
coimbra, 80, 17578.55, 1.903
corte, 34, 7470.89, 1.531
boticas, 3, 659.20, 0.477
vais, 3, 659.20, 0.477
lorvão, 1, 219.73, 0.000
cabana, 1, 219.73, 0.000
bairros, 10, 2197.32, 1.000
serrão, 3, 659.20, 0.477
bomba, 38, 8349.81, 1.580
moura, 16, 3515.71, 1.204
campeã, 4, 878.93, 0.602
godim, 1, 219.73, 0.000
bento, 32, 7031.42, 1.505
chã, 1, 219.73, 0.000
passagem, 63, 13843.11, 1.799
diferença, 55, 12085.26, 1.740
sá, 59, 12964.18, 1.771
felgueiras, 10, 2197.32, 1.000
partilha, 34, 7470.89, 1.531
miranda, 41, 9009.01, 1.613
cortiça, 4, 878.93, 0.602
quintas, 4, 878.93, 0.602
companheiro, 20, 4394.64, 1.301
ermesinde, 8, 1757.86, 0.903
moradia, 6, 1318.39, 0.778
romeu, 5, 1098.66, 0.699
nora, 2, 439.46, 0.301
velas, 4, 878.93, 0.602
dadas, 19, 4174.91, 1.279
roxo, 2, 439.46, 0.301
fontes, 86, 18896.95, 1.934
cabral, 20, 4394.64, 1.301
braga, 201, 44166.12, 2.303
sula, 1, 219.73, 0.000
criação, 123, 27027.03, 2.090
vidigueira, 2, 439.46, 0.301
fonseca, 72, 15820.70, 1.857
barracas, 1, 219.73, 0.000
santana, 22, 4834.10, 1.342
frias, 5, 1098.66, 0.699
alvalade, 46, 10107.67, 1.663
tojal, 1, 219.73, 0.000
presa, 15, 3295.98, 1.176
portagem, 4, 878.93, 0.602
assenta, 10, 2197.32, 1.000
corval, 1, 219.73, 0.000
sentinela, 5, 1098.66, 0.699
telhado, 10, 2197.32, 1.000
barroso, 32, 7031.42, 1.505
roca, 4, 878.93, 0.602
lapela, 2, 439.46, 0.301
tabuleiro, 4, 878.93, 0.602
arelho, 1, 219.73, 0.000
branda, 1, 219.73, 0.000
cabaço, 2, 439.46, 0.301
casta, 2, 439.46, 0.301
partilhas, 2, 439.46, 0.301
bandeiras, 19, 4174.91, 1.279
alheira, 1, 219.73, 0.000
barra, 12, 2636.78, 1.079
covilhã, 6, 1318.39, 0.778
furtado, 10, 2197.32, 1.000
vouga, 22, 4834.10, 1.342
amoreiras, 1, 219.73, 0.000
canto, 13, 2856.52, 1.114
escalfado, 1, 219.73, 0.000
poesia, 1, 219.73, 0.000
risca, 1, 219.73, 0.000
gaia, 45, 9887.94, 1.653
aljustrel, 1, 219.73, 0.000
baralha, 1, 219.73, 0.000
madureira, 3, 659.20, 0.477
namorados, 20, 4394.64, 1.301
couto, 2, 439.46, 0.301
álvares, 2, 439.46, 0.301
galos, 1, 219.73, 0.000
sete, 202, 44385.85, 2.305
navalha, 8, 1757.86, 0.903
moção, 38, 8349.81, 1.580
benavides, 1, 219.73, 0.000
cadaval, 2, 439.46, 0.301
azevedo, 23, 5053.83, 1.362
soure, 3, 659.20, 0.477
entradas, 20, 4394.64, 1.301
azinhaga, 1, 219.73, 0.000
marco, 70, 15381.23, 1.845
floresta, 9, 1977.59, 0.954
juntos, 38, 8349.81, 1.580
beira, 47, 10327.40, 1.672
olaria, 1, 219.73, 0.000
montalegre, 6, 1318.39, 0.778
uva, 3, 659.20, 0.477
ramil, 1, 219.73, 0.000
galafura, 1, 219.73, 0.000
amaral, 32, 7031.42, 1.505
castelos, 1, 219.73, 0.000
esposende, 5, 1098.66, 0.699
delgada, 9, 1977.59, 0.954
zebras, 3, 659.20, 0.477
albufeira, 15, 3295.98, 1.176
levadas, 7, 1538.12, 0.845
leiria, 51, 11206.33, 1.708
relíquias, 1, 219.73, 0.000
fundão, 3, 659.20, 0.477
galiza, 13, 2856.52, 1.114
provado, 23, 5053.83, 1.362
tomar, 85, 18677.21, 1.929
esteves, 8, 1757.86, 0.903
moita, 1, 219.73, 0.000
portimão, 9, 1977.59, 0.954
mogadouro, 9, 1977.59, 0.954
manobra, 18, 3955.17, 1.255
ouro, 58, 12744.45, 1.763
casanova, 4, 878.93, 0.602
rainha, 26, 5713.03, 1.415
ordem, 145, 31861.13, 2.161
amoreira, 2, 439.46, 0.301
figueira, 22, 4834.10, 1.342
carnal, 1, 219.73, 0.000
cádiz, 7, 1538.12, 0.845
barcelos, 37, 8130.08, 1.568
vila, 162, 35596.57, 2.210
avô, 7, 1538.12, 0.845
padaria, 2, 439.46, 0.301
dois, 1173, 257745.55, 3.069
saúde, 373, 81960.01, 2.572
terça, 9, 1977.59, 0.954
padrão, 7, 1538.12, 0.845
rendeiro, 45, 9887.94, 1.653
albergaria, 5, 1098.66, 0.699
curros, 1, 219.73, 0.000
descoberto, 15, 3295.98, 1.176
portal, 51, 11206.33, 1.708
margem, 93, 20435.07, 1.968
cisterna, 3, 659.20, 0.477
pertença, 3, 659.20, 0.477
algarvia, 5, 1098.66, 0.699
geraldes, 2, 439.46, 0.301
açor, 1, 219.73, 0.000
carrascos, 1, 219.73, 0.000
verdasca, 3, 659.20, 0.477
tapada, 5, 1098.66, 0.699
vilaça, 1, 219.73, 0.000
barras, 6, 1318.39, 0.778
banho, 23, 5053.83, 1.362
palma, 19, 4174.91, 1.279
prazos, 49, 10766.86, 1.690
barbosa, 20, 4394.64, 1.301
alfarelos, 6, 1318.39, 0.778
cerqueira, 5, 1098.66, 0.699
barragens, 10, 2197.32, 1.000
monção, 2, 439.46, 0.301
bairrada, 4, 878.93, 0.602
memória, 28, 6152.49, 1.447
remédios, 1, 219.73, 0.000
tires, 1, 219.73, 0.000
seixos, 1, 219.73, 0.000
canada, 4, 878.93, 0.602
arco, 8, 1757.86, 0.903
troia, 1, 219.73, 0.000
reis, 26, 5713.03, 1.415
cela, 7, 1538.12, 0.845
pousadas, 1, 219.73, 0.000
venda, 205, 45045.05, 2.312
fornos, 1, 219.73, 0.000
branquinho, 1, 219.73, 0.000
cava, 1, 219.73, 0.000
felgueira, 1, 219.73, 0.000
rato, 17, 3735.44, 1.230
claras, 5, 1098.66, 0.699
almeirim, 3, 659.20, 0.477
toca, 23, 5053.83, 1.362
seixas, 8, 1757.86, 0.903
trilho, 2, 439.46, 0.301
idónea, 1, 219.73, 0.000
picadeiro, 1, 219.73, 0.000
curia, 2, 439.46, 0.301
paraíso, 3, 659.20, 0.477
assento, 14, 3076.25, 1.146
entroncamento, 7, 1538.12, 0.845
bonitos, 3, 659.20, 0.477
braz, 1, 219.73, 0.000
caminha, 3, 659.20, 0.477
própria, 91, 19995.61, 1.959
milhão, 42, 9228.74, 1.623
resgatados, 9, 1977.59, 0.954
capelas, 1, 219.73, 0.000
casalinho, 4, 878.93, 0.602
bico, 2, 439.46, 0.301
marias, 1, 219.73, 0.000
gala, 12, 2636.78, 1.079
pastor, 6, 1318.39, 0.778
quebrada, 1, 219.73, 0.000
lezíria, 4, 878.93, 0.602
alcorochel, 1, 219.73, 0.000
novelas, 1, 219.73, 0.000
património, 45, 9887.94, 1.653
peniche, 5, 1098.66, 0.699
passaria, 2, 439.46, 0.301
pimenta, 8, 1757.86, 0.903
margens, 12, 2636.78, 1.079
madalena, 2, 439.46, 0.301
vela, 2, 439.46, 0.301
alcaide, 4, 878.93, 0.602
brasil, 68, 14941.77, 1.833
juntas, 11, 2417.05, 1.041
algodres, 1, 219.73, 0.000
salto, 6, 1318.39, 0.778
barca, 6, 1318.39, 0.778
talisca, 8, 1757.86, 0.903
feijão, 2, 439.46, 0.301
baião, 5, 1098.66, 0.699
faro, 27, 5932.76, 1.431
france, 53, 11645.79, 1.724
colégio, 25, 5493.30, 1.398
julião, 1, 219.73, 0.000
correias, 1, 219.73, 0.000
almendra, 2, 439.46, 0.301
carreço, 1, 219.73, 0.000
cedofeita, 2, 439.46, 0.301
eiras, 1, 219.73, 0.000
longa, 31, 6811.69, 1.491
caxias, 10, 2197.32, 1.000
valongo, 18, 3955.17, 1.255
prova, 147, 32300.59, 2.167
curalha, 1, 219.73, 0.000
barbas, 1, 219.73, 0.000
vales, 1, 219.73, 0.000
lage, 1, 219.73, 0.000
covelo, 2, 439.46, 0.301
castanho, 3, 659.20, 0.477
canos, 2, 439.46, 0.301
novais, 2, 439.46, 0.301
jordana, 1, 219.73, 0.000
viseu, 22, 4834.10, 1.342
montes, 1, 219.73, 0.000
árvore, 12, 2636.78, 1.079
cruz, 60, 13183.92, 1.778
verdial, 1, 219.73, 0.000
cercada, 1, 219.73, 0.000
estela, 4, 878.93, 0.602
olhos, 24, 5273.57, 1.380
casas, 64, 14062.84, 1.806
canais, 14, 3076.25, 1.146
lourosa, 3, 659.20, 0.477
lata, 2, 439.46, 0.301
manga, 1, 219.73, 0.000
parede, 13, 2856.52, 1.114
constância, 3, 659.20, 0.477
pocinho, 2, 439.46, 0.301
calvo, 1, 219.73, 0.000
concelhos, 16, 3515.71, 1.204
queda, 92, 20215.34, 1.964
variante, 5, 1098.66, 0.699
sines, 9, 1977.59, 0.954
encarnação, 2, 439.46, 0.301
sereno, 4, 878.93, 0.602
valadares, 2, 439.46, 0.301
caia, 6, 1318.39, 0.778
bandeira, 22, 4834.10, 1.342
donas, 2, 439.46, 0.301
mesquita, 7, 1538.12, 0.845
nine, 2, 439.46, 0.301
varais, 1, 219.73, 0.000
monchique, 1, 219.73, 0.000
recta, 3, 659.20, 0.477
vide, 4, 878.93, 0.602
pilar, 3, 659.20, 0.477
rafael, 24, 5273.57, 1.380
manhente, 1, 219.73, 0.000
torres, 44, 9668.20, 1.643
monteiro, 47, 10327.40, 1.672
piedade, 2, 439.46, 0.301
montenegro, 52, 11426.06, 1.716
gabriel, 15, 3295.98, 1.176
nevogilde, 3, 659.20, 0.477
tornado, 10, 2197.32, 1.000
fortes, 83, 18237.75, 1.919
queimados, 5, 1098.66, 0.699
neves, 43, 9448.47, 1.633
alcácer, 4, 878.93, 0.602
bocado, 2, 439.46, 0.301
teixeira, 49, 10766.86, 1.690
santo, 138, 30323.01, 2.140
machada, 1, 219.73, 0.000
velosa, 3, 659.20, 0.477
guia, 48, 10547.13, 1.681
sabugal, 2, 439.46, 0.301
antigo, 154, 33838.72, 2.188
cordeiro, 31, 6811.69, 1.491
chãos, 1, 219.73, 0.000
linhares, 1, 219.73, 0.000
serena, 6, 1318.39, 0.778
sevilha, 19, 4174.91, 1.279
almas, 4, 878.93, 0.602
avis, 1, 219.73, 0.000
baixo, 61, 13403.65, 1.785
rego, 4, 878.93, 0.602
samouco, 4, 878.93, 0.602
igreja, 91, 19995.61, 1.959
paço, 8, 1757.86, 0.903
moldes, 11, 2417.05, 1.041
barcos, 8, 1757.86, 0.903
feirão, 1, 219.73, 0.000
marrocos, 10, 2197.32, 1.000
samuel, 3, 659.20, 0.477
dianteiro, 1, 219.73, 0.000
matos, 35, 7690.62, 1.544
ribeirinha, 1, 219.73, 0.000
barro, 1, 219.73, 0.000
nicho, 2, 439.46, 0.301
várzea, 1, 219.73, 0.000
beça, 1, 219.73, 0.000
cancelada, 5, 1098.66, 0.699
moreno, 1, 219.73, 0.000
olival, 8, 1757.86, 0.903
jogo, 483, 106130.52, 2.684
praça, 38, 8349.81, 1.580
odemira, 8, 1757.86, 0.903
ribeirão, 2, 439.46, 0.301
quintana, 1, 219.73, 0.000
ericeira, 1, 219.73, 0.000
balsemão, 5, 1098.66, 0.699
castanheiro, 1, 219.73, 0.000
pontal, 1, 219.73, 0.000
veludo, 1, 219.73, 0.000
medo, 47, 10327.40, 1.672
nordeste, 19, 4174.91, 1.279
nelas, 1, 219.73, 0.000
brinches, 2, 439.46, 0.301
parada, 8, 1757.86, 0.903
cabeças, 8, 1757.86, 0.903
herdade, 16, 3515.71, 1.204
cabecinha, 1, 219.73, 0.000
mezio, 1, 219.73, 0.000
folgosa, 2, 439.46, 0.301
quentes, 9, 1977.59, 0.954
imaginário, 3, 659.20, 0.477
mesas, 10, 2197.32, 1.000
oura, 1, 219.73, 0.000
santorum, 1, 219.73, 0.000
leoa, 4, 878.93, 0.602
nave, 2, 439.46, 0.301
bragança, 36, 7910.35, 1.556
cid, 8, 1757.86, 0.903
silvas, 1, 219.73, 0.000
bolo, 3, 659.20, 0.477
medeiros, 14, 3076.25, 1.146
mora, 5, 1098.66, 0.699
águas, 70, 15381.23, 1.845
decide, 12, 2636.78, 1.079
nogueira, 7, 1538.12, 0.845
castelo, 72, 15820.70, 1.857
levada, 23, 5053.83, 1.362
serpa, 4, 878.93, 0.602
sendim, 4, 878.93, 0.602
baçal, 2, 439.46, 0.301
pedral, 1, 219.73, 0.000
sabugueiro, 1, 219.73, 0.000
marinha, 9, 1977.59, 0.954
meca, 1, 219.73, 0.000
catalão, 13, 2856.52, 1.114
salgueiro, 7, 1538.12, 0.845
pinhal, 5, 1098.66, 0.699
jardim, 30, 6591.96, 1.477
escuro, 3, 659.20, 0.477
formigueiro, 3, 659.20, 0.477
brito, 5, 1098.66, 0.699
tornada, 4, 878.93, 0.602
camarões, 5, 1098.66, 0.699
comporta, 2, 439.46, 0.301
cerimónia, 82, 18018.02, 1.914
vouzela, 1, 219.73, 0.000
rochoso, 1, 219.73, 0.000
flor, 15, 3295.98, 1.176
barragem, 6, 1318.39, 0.778
relva, 1, 219.73, 0.000
casada, 11, 2417.05, 1.041
pinhão, 4, 878.93, 0.602
gregos, 62, 13623.38, 1.792
penedos, 7, 1538.12, 0.845
perdigão, 1, 219.73, 0.000
cardeal, 9, 1977.59, 0.954
fogo, 138, 30323.01, 2.140
cooperativa, 4, 878.93, 0.602
palmeira, 3, 659.20, 0.477
serras, 4, 878.93, 0.602
olheiros, 1, 219.73, 0.000
faísca, 1, 219.73, 0.000
torneiras, 1, 219.73, 0.000
povoação, 3, 659.20, 0.477
cabeço, 1, 219.73, 0.000
relvas, 14, 3076.25, 1.146
cais, 12, 2636.78, 1.079
rodo, 1, 219.73, 0.000
lagos, 7, 1538.12, 0.845
baixos, 34, 7470.89, 1.531
mirandela, 2, 439.46, 0.301
gondarém, 1, 219.73, 0.000
costinha, 7, 1538.12, 0.845
galego, 3, 659.20, 0.477
lara, 1, 219.73, 0.000
estreito, 1, 219.73, 0.000
galegas, 1, 219.73, 0.000
mercado, 246, 54054.05, 2.391
eixo, 22, 4834.10, 1.342
calados, 1, 219.73, 0.000
vasco, 46, 10107.67, 1.663
mafra, 2, 439.46, 0.301
celas, 4, 878.93, 0.602
quinta, 61, 13403.65, 1.785
ramo, 9, 1977.59, 0.954
amor, 37, 8130.08, 1.568
garganta, 1, 219.73, 0.000
compra, 87, 19116.68, 1.940
cemitério, 10, 2197.32, 1.000
taipas, 1, 219.73, 0.000
remessa, 1, 219.73, 0.000
alcoitão, 1, 219.73, 0.000
saldanha, 1, 219.73, 0.000
amarelos, 4, 878.93, 0.602
serra, 35, 7690.62, 1.544
marão, 2, 439.46, 0.301
famalicão, 17, 3735.44, 1.230
cerdeira, 1, 219.73, 0.000
condeixa-a-nova, 4, 878.93, 0.602
nicolau, 1, 219.73, 0.000
tavira, 3, 659.20, 0.477
aeródromo, 8, 1757.86, 0.903
tábuas, 1, 219.73, 0.000
fafe, 9, 1977.59, 0.954
alcobaça, 3, 659.20, 0.477
boris, 2, 439.46, 0.301
regueira, 1, 219.73, 0.000
pias, 1, 219.73, 0.000
carlão, 1, 219.73, 0.000
sande, 1, 219.73, 0.000
latina, 18, 3955.17, 1.255
borgonha, 1, 219.73, 0.000
meio, 139, 30542.74, 2.143
andam, 5, 1098.66, 0.699
vidigal, 5, 1098.66, 0.699
ver, 184, 40430.67, 2.265
vitória, 333, 73170.73, 2.522
foro, 4, 878.93, 0.602
meireles, 7, 1538.12, 0.845
felizes, 14, 3076.25, 1.146
tábua, 2, 439.46, 0.301
mouro, 1, 219.73, 0.000
alcoutim, 2, 439.46, 0.301
barroco, 1, 219.73, 0.000
hospital, 196, 43067.46, 2.292
lama, 6, 1318.39, 0.778
perafita, 1, 219.73, 0.000
mercê, 1, 219.73, 0.000
costeiras, 1, 219.73, 0.000
estrada, 65, 14282.58, 1.813
chaves, 21, 4614.37, 1.322
prelada, 3, 659.20, 0.477
franco, 11, 2417.05, 1.041
couço, 1, 219.73, 0.000
grega, 91, 19995.61, 1.959
tomada, 77, 16919.36, 1.886
zebra, 3, 659.20, 0.477
faial, 10, 2197.32, 1.000
estarreja, 9, 1977.59, 0.954
bonjardim, 3, 659.20, 0.477
cardeais, 16, 3515.71, 1.204
aval, 8, 1757.86, 0.903
canas, 1, 219.73, 0.000
alcanena, 1, 219.73, 0.000
lavoura, 2, 439.46, 0.301
bemposta, 1, 219.73, 0.000
areia, 4, 878.93, 0.602
grijó, 1, 219.73, 0.000
angeja, 9, 1977.59, 0.954
marinhas, 2, 439.46, 0.301
sabrosa, 3, 659.20, 0.477
lourinhã, 2, 439.46, 0.301
ronde, 1, 219.73, 0.000
vinha, 22, 4834.10, 1.342
armada, 29, 6372.23, 1.462
netos, 9, 1977.59, 0.954
milhões, 1428, 313777.19, 3.155
carris, 8, 1757.86, 0.903
sereia, 2, 439.46, 0.301
cruzes, 3, 659.20, 0.477
modelos, 26, 5713.03, 1.415
quiaios, 1, 219.73, 0.000
santos, 158, 34717.64, 2.199
palme, 1, 219.73, 0.000
barreira, 12, 2636.78, 1.079
farpado, 1, 219.73, 0.000
crespo, 2, 439.46, 0.301
serranos, 1, 219.73, 0.000
ribeirinhas, 3, 659.20, 0.477
paços, 134, 29444.08, 2.127
fares, 2, 439.46, 0.301
arábia, 17, 3735.44, 1.230
guerra, 126, 27686.22, 2.100
fazenda, 5, 1098.66, 0.699
marim, 1, 219.73, 0.000
fiscal, 204, 44825.31, 2.310
arrancada, 3, 659.20, 0.477
travassos, 1, 219.73, 0.000
carviçais, 1, 219.73, 0.000
pedra, 14, 3076.25, 1.146
possacos, 1, 219.73, 0.000
porta, 101, 22192.92, 2.004
aljezur, 2, 439.46, 0.301
canidelo, 1, 219.73, 0.000
planta, 2, 439.46, 0.301
sobrado, 1, 219.73, 0.000
prazeres, 3, 659.20, 0.477
madeiras, 2, 439.46, 0.301
tentúgal, 1, 219.73, 0.000
aldeia, 27, 5932.76, 1.431
milagres, 2, 439.46, 0.301
redondas, 1, 219.73, 0.000
barbuda, 4, 878.93, 0.602
queridas, 1, 219.73, 0.000
beja, 40, 8789.28, 1.602
amendoeira, 1, 219.73, 0.000
paus, 4, 878.93, 0.602
meirinho, 2, 439.46, 0.301
cambra, 1, 219.73, 0.000
setúbal, 77, 16919.36, 1.886
trigueira, 2, 439.46, 0.301
veiga, 12, 2636.78, 1.079
louro, 4, 878.93, 0.602
poiso, 1, 219.73, 0.000
carro, 127, 27905.95, 2.104
farol, 1, 219.73, 0.000
moniz, 11, 2417.05, 1.041
caeiro, 14, 3076.25, 1.146
torna, 22, 4834.10, 1.342
sousel, 3, 659.20, 0.477
riscada, 1, 219.73, 0.000
frutuoso, 2, 439.46, 0.301
altos, 18, 3955.17, 1.255
marvão, 5, 1098.66, 0.699
pesos, 2, 439.46, 0.301
mértola, 2, 439.46, 0.301
ourém, 1, 219.73, 0.000
valdemar, 9, 1977.59, 0.954
beco, 1, 219.73, 0.000
socorro, 28, 6152.49, 1.447
alvarães, 2, 439.46, 0.301
amora, 1, 219.73, 0.000
prego, 1, 219.73, 0.000
rãs, 2, 439.46, 0.301
queimadas, 2, 439.46, 0.301
engenho, 1, 219.73, 0.000
bastos, 10, 2197.32, 1.000
roupeiro, 3, 659.20, 0.477
durão, 23, 5053.83, 1.362
arouca, 53, 11645.79, 1.724
eixos, 1, 219.73, 0.000
neiva, 3, 659.20, 0.477
fratel, 1, 219.73, 0.000
agonia, 2, 439.46, 0.301
rosario, 7, 1538.12, 0.845
penim, 2, 439.46, 0.301
almalaguês, 1, 219.73, 0.000
eirol, 4, 878.93, 0.602
apresentação, 106, 23291.58, 2.025
buraco, 12, 2636.78, 1.079
terços, 9, 1977.59, 0.954
barros, 14, 3076.25, 1.146
era, 451, 99099.10, 2.654
maços, 1, 219.73, 0.000
margarida, 16, 3515.71, 1.204
figueiró, 3, 659.20, 0.477
regada, 2, 439.46, 0.301
salgado, 28, 6152.49, 1.447
cubal, 1, 219.73, 0.000
laje, 1, 219.73, 0.000
castanheira, 2, 439.46, 0.301
galega, 5, 1098.66, 0.699
maçã, 3, 659.20, 0.477
desejosa, 1, 219.73, 0.000
pesqueira, 3, 659.20, 0.477
saramago, 1, 219.73, 0.000
pêgo, 1, 219.73, 0.000
monforte, 5, 1098.66, 0.699
rodas, 12, 2636.78, 1.079
cerrado, 1, 219.73, 0.000
espinhaço, 1, 219.73, 0.000
lumiar, 2, 439.46, 0.301
lampreia, 7, 1538.12, 0.845
azenha, 4, 878.93, 0.602
esteve, 177, 38892.55, 2.248
vilar, 25, 5493.30, 1.398
lopes, 106, 23291.58, 2.025
fronteira, 67, 14722.04, 1.826
coruche, 1, 219.73, 0.000
silva, 358, 78664.03, 2.554
caniçada, 1, 219.73, 0.000
francos, 7, 1538.12, 0.845
leitão, 34, 7470.89, 1.531
paivas, 1, 219.73, 0.000
pedrógão, 1, 219.73, 0.000
beleza, 20, 4394.64, 1.301
carregado, 3, 659.20, 0.477
rosário, 13, 2856.52, 1.114
miradouro, 8, 1757.86, 0.903
molhados, 1, 219.73, 0.000
canelas, 3, 659.20, 0.477
aeroporto, 128, 28125.69, 2.107
vermelha, 16, 3515.71, 1.204
alegria, 19, 4174.91, 1.279
celeiro, 1, 219.73, 0.000
matança, 3, 659.20, 0.477
bicas, 1, 219.73, 0.000
pomba, 1, 219.73, 0.000
prazo, 210, 46143.70, 2.322
cortegaça, 1, 219.73, 0.000
ervidel, 1, 219.73, 0.000
mosqueirões, 1, 219.73, 0.000
mesa, 79, 17358.82, 1.898
matadouro, 1, 219.73, 0.000
raiva, 4, 878.93, 0.602
carmo, 8, 1757.86, 0.903
vá, 11, 2417.05, 1.041
amadora, 26, 5713.03, 1.415
xangai, 1, 219.73, 0.000
queluz, 6, 1318.39, 0.778
bouro, 3, 659.20, 0.477
vilões, 1, 219.73, 0.000
sequeira, 7, 1538.12, 0.845
negrão, 1, 219.73, 0.000
carrapatoso, 1, 219.73, 0.000
partida, 107, 23511.32, 2.029
carregosa, 4, 878.93, 0.602
pinho, 4, 878.93, 0.602
reveladas, 5, 1098.66, 0.699
cartas, 16, 3515.71, 1.204
bica, 10, 2197.32, 1.000
barata, 4, 878.93, 0.602
comenda, 1, 219.73, 0.000
lagoa, 3, 659.20, 0.477
brandão, 16, 3515.71, 1.204
sampaio, 29, 6372.23, 1.462
bispos, 12, 2636.78, 1.079
servo, 2, 439.46, 0.301
velhas, 5, 1098.66, 0.699
quintos, 2, 439.46, 0.301
alqueva, 5, 1098.66, 0.699
tinto, 11, 2417.05, 1.041
folhas, 1, 219.73, 0.000
achada, 1, 219.73, 0.000
gouveia, 11, 2417.05, 1.041
alinhada, 1, 219.73, 0.000
rua, 174, 38233.36, 2.241
banhos, 4, 878.93, 0.602
pó, 8, 1757.86, 0.903
lenço, 6, 1318.39, 0.778
magos, 2, 439.46, 0.301
águeda, 4, 878.93, 0.602
cortiços, 2, 439.46, 0.301
trofa, 5, 1098.66, 0.699
peso, 63, 13843.11, 1.799
neta, 4, 878.93, 0.602
alhandra, 1, 219.73, 0.000
crescido, 5, 1098.66, 0.699
canavezes, 1, 219.73, 0.000
estação, 78, 17139.09, 1.892
alagoas, 2, 439.46, 0.301
nantes, 3, 659.20, 0.477
cavalões, 1, 219.73, 0.000
toledo, 2, 439.46, 0.301
carrasco, 2, 439.46, 0.301
ribeira, 10, 2197.32, 1.000
ilha, 91, 19995.61, 1.959
leão, 41, 9009.01, 1.613
godinho, 23, 5053.83, 1.362
martins, 112, 24609.98, 2.049
besteiros, 2, 439.46, 0.301
bigorne, 1, 219.73, 0.000
verba, 16, 3515.71, 1.204
vizela, 1, 219.73, 0.000
bruçó, 3, 659.20, 0.477
tapadão, 1, 219.73, 0.000
botão, 5, 1098.66, 0.699
penafiel, 10, 2197.32, 1.000
grade, 3, 659.20, 0.477
verdade, 92, 20215.34, 1.964
cantos, 5, 1098.66, 0.699
tostão, 1, 219.73, 0.000
sandes, 2, 439.46, 0.301
alfena, 5, 1098.66, 0.699
moscavide, 3, 659.20, 0.477
ponte, 54, 11865.52, 1.732
vinho, 47, 10327.40, 1.672
carregal, 2, 439.46, 0.301
paixão, 17, 3735.44, 1.230
tronco, 3, 659.20, 0.477
cascalho, 1, 219.73, 0.000
nunes, 14, 3076.25, 1.146
coutinho, 9, 1977.59, 0.954
arcozelo, 3, 659.20, 0.477
roda, 3, 659.20, 0.477
mangualde, 1, 219.73, 0.000
trindade, 10, 2197.32, 1.000
olho, 11, 2417.05, 1.041
vilamoura, 2, 439.46, 0.301
carnaxide, 5, 1098.66, 0.699
samodães, 2, 439.46, 0.301
penela, 3, 659.20, 0.477
estreitos, 1, 219.73, 0.000
freitas, 16, 3515.71, 1.204
poio, 1, 219.73, 0.000
vaiamonte, 1, 219.73, 0.000
cartaxo, 1, 219.73, 0.000
norte, 242, 53175.13, 2.384
redonda, 2, 439.46, 0.301
rostos, 5, 1098.66, 0.699
cavalos, 10, 2197.32, 1.000
salgueiros, 2, 439.46, 0.301
cardoso, 46, 10107.67, 1.663
roussa, 1, 219.73, 0.000
caixaria, 2, 439.46, 0.301
vinhateiro, 1, 219.73, 0.000
coelhos, 5, 1098.66, 0.699
góis, 8, 1757.86, 0.903
funchal, 40, 8789.28, 1.602
guiné, 6, 1318.39, 0.778
baía, 16, 3515.71, 1.204
mota, 69, 15161.50, 1.839
