Silvério, 1, 219.7319, 0.0000
Gil, 16, 3515.7108, 1.2041
Moisés, 1, 219.7319, 0.0000
Olívia, 1, 219.7319, 0.0000
Amélia, 2, 439.4639, 0.3010
Dina, 4, 878.9277, 0.6021
Amador, 4, 878.9277, 0.6021
Teresa, 56, 12304.9879, 1.7482
Ian, 6, 1318.3916, 0.7782
Florença, 5, 1098.6596, 0.6990
Gabriela, 4, 878.9277, 0.6021
Gastão, 1, 219.7319, 0.0000
Paula, 42, 9228.7409, 1.6232
Mamede, 2, 439.4639, 0.3010
Eva, 9, 1977.5873, 0.9542
Patrícia, 4, 878.9277, 0.6021
Jordano, 4, 878.9277, 0.6021
Manel, 3, 659.1958, 0.4771
Maximino, 2, 439.4639, 0.3010
Isilda, 9, 1977.5873, 0.9542
Damas, 2, 439.4639, 0.3010
Filipe, 122, 26807.2951, 2.0864
Susana, 12, 2636.7831, 1.0792
Filinto, 7, 1538.1235, 0.8451
Isabel, 58, 12744.4518, 1.7634
Greta, 1, 219.7319, 0.0000
Ferrer, 3, 659.1958, 0.4771
Lucília, 21, 4614.3705, 1.3222
Mara, 6, 1318.3916, 0.7782
Joana, 15, 3295.9789, 1.1761
Penélope, 1, 219.7319, 0.0000
Ascenso, 5, 1098.6596, 0.6990
Iago, 1, 219.7319, 0.0000
Elsa, 6, 1318.3916, 0.7782
Agnes, 1, 219.7319, 0.0000
Magali, 3, 659.1958, 0.4771
Isis, 1, 219.7319, 0.0000
Artur, 27, 5932.7620, 1.4314
Eduarda, 1, 219.7319, 0.0000
Carminho, 1, 219.7319, 0.0000
João, 344, 75587.7829, 2.5366
Diogo, 54, 11865.5241, 1.7324
Idália, 2, 439.4639, 0.3010
Daniela, 15, 3295.9789, 1.1761
Lígia, 6, 1318.3916, 0.7782
Raquel, 14, 3076.2470, 1.1461
Sara, 34, 7470.8855, 1.5315
Enrique, 2, 439.4639, 0.3010
Renan, 1, 219.7319, 0.0000
Débora, 2, 439.4639, 0.3010
Rogério, 2, 439.4639, 0.3010
Viviane, 1, 219.7319, 0.0000
Celino, 1, 219.7319, 0.0000
Caetano, 4, 878.9277, 0.6021
Nuno, 241, 52955.3944, 2.3820
Benjamim, 1, 219.7319, 0.0000
Lina, 2, 439.4639, 0.3010
Levi, 4, 878.9277, 0.6021
Adrien, 20, 4394.6385, 1.3010
Telma, 3, 659.1958, 0.4771
Firmino, 1, 219.7319, 0.0000
Durval, 3, 659.1958, 0.4771
Marina, 11, 2417.0512, 1.0414
Vito, 1, 219.7319, 0.0000
Emília, 10, 2197.3193, 1.0000
Odete, 1, 219.7319, 0.0000
Judas, 3, 659.1958, 0.4771
Paulino, 1, 219.7319, 0.0000
Raul, 11, 2417.0512, 1.0414
Ângelo, 9, 1977.5873, 0.9542
Antónia, 8, 1757.8554, 0.9031
Toni, 9, 1977.5873, 0.9542
Carlota, 1, 219.7319, 0.0000
Ásia, 8, 1757.8554, 0.9031
Africano, 9, 1977.5873, 0.9542
Sandro, 2, 439.4639, 0.3010
Lucas, 15, 3295.9789, 1.1761
Leal, 41, 9009.0090, 1.6128
Ana, 158, 34717.6445, 2.1987
Acácio, 5, 1098.6596, 0.6990
Ezequiel, 1, 219.7319, 0.0000
Ariane, 1, 219.7319, 0.0000
Anabela, 22, 4834.1024, 1.3424
Bruce, 2, 439.4639, 0.3010
Vida, 367, 80641.6172, 2.5647
Feliz, 36, 7910.3494, 1.5563
Máximo, 105, 23071.8523, 2.0212
Viriato, 2, 439.4639, 0.3010
Romano, 1, 219.7319, 0.0000
Márcia, 18, 3955.1747, 1.2553
Adelino, 4, 878.9277, 0.6021
Adriana, 1, 219.7319, 0.0000
Alexandra, 25, 5493.2982, 1.3979
Virgílio, 6, 1318.3916, 0.7782
Emídio, 1, 219.7319, 0.0000
Enzo, 1, 219.7319, 0.0000
Cláudio, 8, 1757.8554, 0.9031
Angelina, 4, 878.9277, 0.6021
Rui, 245, 53834.3221, 2.3892
Chantal, 1, 219.7319, 0.0000
Timóteo, 1, 219.7319, 0.0000
Vanda, 1, 219.7319, 0.0000
Liz, 4, 878.9277, 0.6021
Luísa, 21, 4614.3705, 1.3222
Helénico, 5, 1098.6596, 0.6990
Infante, 8, 1757.8554, 0.9031
Tiago, 69, 15161.5030, 1.8388
Tobias, 5, 1098.6596, 0.6990
Erika, 1, 219.7319, 0.0000
Felisbela, 4, 878.9277, 0.6021
Ricardo, 115, 25269.1716, 2.0607
Rita, 40, 8789.2771, 1.6021
Hermínio, 3, 659.1958, 0.4771
Adalberto, 5, 1098.6596, 0.6990
Dana, 1, 219.7319, 0.0000
Colete, 6, 1318.3916, 0.7782
Libertária, 1, 219.7319, 0.0000
Beto, 2, 439.4639, 0.3010
Valter, 2, 439.4639, 0.3010
Rosana, 3, 659.1958, 0.4771
Erik, 2, 439.4639, 0.3010
António, 495, 108767.3039, 2.6946
Bruno, 82, 18018.0180, 1.9138
Micael, 2, 439.4639, 0.3010
Vital, 14, 3076.2470, 1.1461
Linda, 6, 1318.3916, 0.7782
Anselmo, 5, 1098.6596, 0.6990
Cássio, 4, 878.9277, 0.6021
Alan, 7, 1538.1235, 0.8451
Vicente, 24, 5273.5662, 1.3802
Amaro, 13, 2856.5151, 1.1139
Napoleão, 1, 219.7319, 0.0000
Armando, 9, 1977.5873, 0.9542
Januário, 5, 1098.6596, 0.6990
Porfírio, 3, 659.1958, 0.4771
Sofia, 17, 3735.4428, 1.2304
Sacramento, 4, 878.9277, 0.6021
Flora, 5, 1098.6596, 0.6990
Frederica, 5, 1098.6596, 0.6990
Liberal, 11, 2417.0512, 1.0414
Marlene, 5, 1098.6596, 0.6990
Eric, 13, 2856.5151, 1.1139
Sandra, 25, 5493.2982, 1.3979
Elza, 4, 878.9277, 0.6021
Dalila, 1, 219.7319, 0.0000
Irina, 6, 1318.3916, 0.7782
Helena, 18, 3955.1747, 1.2553
Faustino, 5, 1098.6596, 0.6990
Russel, 2, 439.4639, 0.3010
Cecília, 6, 1318.3916, 0.7782
Flávio, 3, 659.1958, 0.4771
Diva, 1, 219.7319, 0.0000
Lisa, 4, 878.9277, 0.6021
José, 491, 107888.3762, 2.6911
Remo, 1, 219.7319, 0.0000
Ivete, 2, 439.4639, 0.3010
Heitor, 8, 1757.8554, 0.9031
Renato, 23, 5053.8343, 1.3617
Simão, 10, 2197.3193, 1.0000
Marcelo, 60, 13183.9156, 1.7782
Ilda, 5, 1098.6596, 0.6990
Lúcio, 3, 659.1958, 0.4771
Hélio, 1, 219.7319, 0.0000
Célia, 3, 659.1958, 0.4771
Zé, 7, 1538.1235, 0.8451
Cláudia, 13, 2856.5151, 1.1139
Florentino, 4, 878.9277, 0.6021
Iria, 55, 12085.2560, 1.7404
Alice, 7, 1538.1235, 0.8451
Jesualdo, 1, 219.7319, 0.0000
Bárbara, 26, 5713.0301, 1.4150
Sol, 18, 3955.1747, 1.2553
Cátia, 4, 878.9277, 0.6021
Ida, 11, 2417.0512, 1.0414
Ícaro, 1, 219.7319, 0.0000
Victor, 9, 1977.5873, 0.9542
Vânia, 2, 439.4639, 0.3010
Simone, 2, 439.4639, 0.3010
Filomena, 1, 219.7319, 0.0000
Lisandro, 10, 2197.3193, 1.0000
Berardo, 8, 1757.8554, 0.9031
Adelaide, 1, 219.7319, 0.0000
Sebastião, 4, 878.9277, 0.6021
Marta, 16, 3515.7108, 1.2041
Jardel, 19, 4174.9066, 1.2788
Aires, 10, 2197.3193, 1.0000
Carmelinda, 4, 878.9277, 0.6021
Leo, 5, 1098.6596, 0.6990
Mariana, 16, 3515.7108, 1.2041
Apolinário, 1, 219.7319, 0.0000
Amável, 1, 219.7319, 0.0000
Delfim, 2, 439.4639, 0.3010
Tatiana, 4, 878.9277, 0.6021
Vera, 6, 1318.3916, 0.7782
Leila, 2, 439.4639, 0.3010
Gentil, 1, 219.7319, 0.0000
Reginaldo, 1, 219.7319, 0.0000
Frederico, 7, 1538.1235, 0.8451
André, 164, 36036.0360, 2.2148
Sarah, 2, 439.4639, 0.3010
Carmelita, 1, 219.7319, 0.0000
Cesaltina, 1, 219.7319, 0.0000
Herculano, 1, 219.7319, 0.0000
Rosa, 24, 5273.5662, 1.3802
Fábio, 14, 3076.2470, 1.1461
Rúben, 32, 7031.4217, 1.5051
Josefina, 1, 219.7319, 0.0000
Regina, 4, 878.9277, 0.6021
Gomes, 68, 14941.7710, 1.8325
Abílio, 1, 219.7319, 0.0000
Áurea, 1, 219.7319, 0.0000
Tomás, 2, 439.4639, 0.3010
Baldomero, 3, 659.1958, 0.4771
Edgar, 15, 3295.9789, 1.1761
Norberto, 25, 5493.2982, 1.3979
Hermano, 1, 219.7319, 0.0000
Dora, 6, 1318.3916, 0.7782
Dulce, 1, 219.7319, 0.0000
Quar, 1, 219.7319, 0.0000
Beatriz, 11, 2417.0512, 1.0414
Ivone, 4, 878.9277, 0.6021
Salazar, 2, 439.4639, 0.3010
Luna, 5, 1098.6596, 0.6990
Leonardo, 10, 2197.3193, 1.0000
Calisto, 4, 878.9277, 0.6021
Iana, 1, 219.7319, 0.0000
Xavier, 10, 2197.3193, 1.0000
James, 40, 8789.2771, 1.6021
Arménio, 10, 2197.3193, 1.0000
Igor, 1, 219.7319, 0.0000
Omar, 4, 878.9277, 0.6021
Martinho, 6, 1318.3916, 0.7782
Filipa, 8, 1757.8554, 0.9031
Duarte, 46, 10107.6686, 1.6628
Alcino, 1, 219.7319, 0.0000
Inocência, 8, 1757.8554, 0.9031
Ginestal, 1, 219.7319, 0.0000
Olavo, 7, 1538.1235, 0.8451
Urso, 11, 2417.0512, 1.0414
Clara, 61, 13403.6475, 1.7853
Catarino, 7, 1538.1235, 0.8451
Liliana, 6, 1318.3916, 0.7782
India, 1, 219.7319, 0.0000
Danilo, 31, 6811.6897, 1.4914
Gloriosa, 3, 659.1958, 0.4771
Aquiles, 1, 219.7319, 0.0000
Bela, 15, 3295.9789, 1.1761
Elias, 4, 878.9277, 0.6021
Solene, 2, 439.4639, 0.3010
Félix, 10, 2197.3193, 1.0000
Catarina, 90, 19775.8734, 1.9542
Pedro, 418, 91847.9455, 2.6212
Júlio, 33, 7251.1536, 1.5185
Evaldo, 1, 219.7319, 0.0000
Zara, 1, 219.7319, 0.0000
Américo, 3, 659.1958, 0.4771
Bastião, 3, 659.1958, 0.4771
Gina, 11, 2417.0512, 1.0414
Analisa, 9, 1977.5873, 0.9542
Natacha, 1, 219.7319, 0.0000
Ivan, 8, 1757.8554, 0.9031
Josué, 4, 878.9277, 0.6021
Hernâni, 1, 219.7319, 0.0000
Máxima, 32, 7031.4217, 1.5051
Io, 1, 219.7319, 0.0000
Adérito, 1, 219.7319, 0.0000
Cassiano, 1, 219.7319, 0.0000
Verónica, 1, 219.7319, 0.0000
Laureano, 3, 659.1958, 0.4771
Tomé, 3, 659.1958, 0.4771
Elisabeth, 1, 219.7319, 0.0000
Carla, 24, 5273.5662, 1.3802
Juno, 1, 219.7319, 0.0000
Eliseu, 15, 3295.9789, 1.1761
Hortense, 3, 659.1958, 0.4771
Elisabete, 1, 219.7319, 0.0000
América, 70, 15381.2349, 1.8451
Tirso, 10, 2197.3193, 1.0000
Cândido, 8, 1757.8554, 0.9031
Rodrigo, 8, 1757.8554, 0.9031
Brian, 3, 659.1958, 0.4771
Cita, 14, 3076.2470, 1.1461
Batista, 6, 1318.3916, 0.7782
Matias, 19, 4174.9066, 1.2788
Ibérico, 2, 439.4639, 0.3010
Natália, 3, 659.1958, 0.4771
Sílvia, 1, 219.7319, 0.0000
Noel, 1, 219.7319, 0.0000
Reinaldo, 1, 219.7319, 0.0000
Clésio, 2, 439.4639, 0.3010
Mónica, 11, 2417.0512, 1.0414
Edite, 3, 659.1958, 0.4771
Veríssimo, 3, 659.1958, 0.4771
Cosme, 16, 3515.7108, 1.2041
Cristiano, 61, 13403.6475, 1.7853
Afonso, 26, 5713.0301, 1.4150
Solano, 1, 219.7319, 0.0000
Francisca, 5, 1098.6596, 0.6990
Luca, 2, 439.4639, 0.3010
Argentino, 36, 7910.3494, 1.5563
Óscar, 13, 2856.5151, 1.1139
Agostinho, 6, 1318.3916, 0.7782
Ilídio, 1, 219.7319, 0.0000
Assis, 8, 1757.8554, 0.9031
Sena, 2, 439.4639, 0.3010
Erica, 5, 1098.6596, 0.6990
Vítor, 61, 13403.6475, 1.7853
Nilza, 1, 219.7319, 0.0000
Vanessa, 4, 878.9277, 0.6021
Décimo, 7, 1538.1235, 0.8451
Liberto, 1, 219.7319, 0.0000
Franklin, 1, 219.7319, 0.0000
Clemência, 4, 878.9277, 0.6021
Letícia, 6, 1318.3916, 0.7782
Lino, 5, 1098.6596, 0.6990
Cícero, 2, 439.4639, 0.3010
Aristóteles, 1, 219.7319, 0.0000
Eurico, 5, 1098.6596, 0.6990
Domingos, 16, 3515.7108, 1.2041
Ronaldo, 75, 16479.8945, 1.8751
Eda, 1, 219.7319, 0.0000
Isaac, 1, 219.7319, 0.0000
Digna, 7, 1538.1235, 0.8451
Leonor, 9, 1977.5873, 0.9542
Jaime, 16, 3515.7108, 1.2041
Valéria, 3, 659.1958, 0.4771
Liberdade, 115, 25269.1716, 2.0607
Noa, 1, 219.7319, 0.0000
Lourenço, 25, 5493.2982, 1.3979
Mauro, 2, 439.4639, 0.3010
Lis, 1, 219.7319, 0.0000
Patrício, 13, 2856.5151, 1.1139
Jonas, 45, 9887.9367, 1.6532
Alma, 17, 3735.4428, 1.2304
Lusa, 552, 121292.0237, 2.7419
Quim, 1, 219.7319, 0.0000
Denis, 5, 1098.6596, 0.6990
Aventino, 1, 219.7319, 0.0000
Felicidade, 17, 3735.4428, 1.2304
Adélia, 1, 219.7319, 0.0000
Cinderela, 1, 219.7319, 0.0000
Carina, 2, 439.4639, 0.3010
Ivo, 19, 4174.9066, 1.2788
Daniel, 24, 5273.5662, 1.3802
Tiara, 1, 219.7319, 0.0000
Joel, 2, 439.4639, 0.3010
Samir, 5, 1098.6596, 0.6990
Assunção, 49, 10766.8644, 1.6902
Ismael, 2, 439.4639, 0.3010
Mem, 2, 439.4639, 0.3010
Albano, 5, 1098.6596, 0.6990
Diego, 25, 5493.2982, 1.3979
Estrela, 79, 17358.8222, 1.8976
Ariana, 7, 1538.1235, 0.8451
Ângela, 15, 3295.9789, 1.1761
Paulo, 330, 72511.5359, 2.5185
Gustavo, 8, 1757.8554, 0.9031
Violeta, 1, 219.7319, 0.0000
Gaspar, 21, 4614.3705, 1.3222
Jorge, 185, 40650.4065, 2.2672
Amado, 8, 1757.8554, 0.9031
Eduardo, 48, 10547.1325, 1.6812
Laura, 3, 659.1958, 0.4771
Andrea, 10, 2197.3193, 1.0000
Selena, 1, 219.7319, 0.0000
Salvação, 8, 1757.8554, 0.9031
Abdul, 1, 219.7319, 0.0000
Dele, 38, 8349.8132, 1.5798
Dália, 1, 219.7319, 0.0000
Diana, 12, 2636.7831, 1.0792
Luís, 254, 55811.9095, 2.4048
Tânia, 9, 1977.5873, 0.9542
Adriano, 8, 1757.8554, 0.9031
Carol, 6, 1318.3916, 0.7782
Bia, 2, 439.4639, 0.3010
Constâncio, 5, 1098.6596, 0.6990
Lurdes, 7, 1538.1235, 0.8451
Mariano, 28, 6152.4940, 1.4472
Nicolas, 7, 1538.1235, 0.8451
Andreia, 3, 659.1958, 0.4771
Amanda, 6, 1318.3916, 0.7782
Inês, 18, 3955.1747, 1.2553
Jerónimo, 55, 12085.2560, 1.7404
Rosalina, 1, 219.7319, 0.0000
Oriana, 1, 219.7319, 0.0000
Mercedes, 20, 4394.6385, 1.3010
Emanuel, 3, 659.1958, 0.4771
Anunciada, 28, 6152.4940, 1.4472
Avelino, 5, 1098.6596, 0.6990
Lua, 1, 219.7319, 0.0000
Evandro, 11, 2417.0512, 1.0414
Tito, 11, 2417.0512, 1.0414
Anunciação, 6, 1318.3916, 0.7782
Carlo, 4, 878.9277, 0.6021
Africana, 3, 659.1958, 0.4771
Lúcia, 2, 439.4639, 0.3010
Leandro, 1, 219.7319, 0.0000
Fábia, 1, 219.7319, 0.0000
Hélder, 23, 5053.8343, 1.3617
Almiro, 2, 439.4639, 0.3010
Domingas, 1, 219.7319, 0.0000
Kelly, 8, 1757.8554, 0.9031
Iva, 301, 66139.3100, 2.4786
Arménia, 3, 659.1958, 0.4771
Fabiano, 5, 1098.6596, 0.6990
Hamilton, 18, 3955.1747, 1.2553
Antero, 4, 878.9277, 0.6021
Carolina, 41, 9009.0090, 1.6128
Licínia, 1, 219.7319, 0.0000
Angel, 14, 3076.2470, 1.1461
Abraão, 10, 2197.3193, 1.0000
David, 108, 23731.0481, 2.0334
Juliana, 1, 219.7319, 0.0000
Alberta, 2, 439.4639, 0.3010
Hermana, 1, 219.7319, 0.0000
Alex, 27, 5932.7620, 1.4314
Lana, 2, 439.4639, 0.3010
Francisco, 250, 54932.9818, 2.3979
Jacob, 4, 878.9277, 0.6021
Aparício, 1, 219.7319, 0.0000
Jesus, 104, 22852.1204, 2.0170
Fabíola, 5, 1098.6596, 0.6990
Aura, 1, 219.7319, 0.0000
Olga, 7, 1538.1235, 0.8451
Amadeu, 6, 1318.3916, 0.7782
Sócrates, 103, 22632.3885, 2.0128
Elena, 3, 659.1958, 0.4771
Bartolomeu, 4, 878.9277, 0.6021
Luciana, 5, 1098.6596, 0.6990
Dinis, 7, 1538.1235, 0.8451
Osvaldo, 13, 2856.5151, 1.1139
Fernandina, 1, 219.7319, 0.0000
Teodoro, 1, 219.7319, 0.0000
Henrique, 23, 5053.8343, 1.3617
Melissa, 3, 659.1958, 0.4771
Maria, 184, 40430.6746, 2.2648
Márcio, 2, 439.4639, 0.3010
Cristóvão, 6, 1318.3916, 0.7782
Alexandre, 28, 6152.4940, 1.4472
Valentim, 15, 3295.9789, 1.1761
Sérgio, 74, 16260.1626, 1.8692
Sónia, 12, 2636.7831, 1.0792
Wilson, 14, 3076.2470, 1.1461
Íris, 1, 219.7319, 0.0000
Marisa, 22, 4834.1024, 1.3424
Briosa, 3, 659.1958, 0.4771
Bryan, 17, 3735.4428, 1.2304
Urânio, 1, 219.7319, 0.0000
Mário, 90, 19775.8734, 1.9542
Bernardino, 8, 1757.8554, 0.9031
Hugo, 50, 10986.5964, 1.6990
Alberto, 47, 10327.4006, 1.6721
Dino, 1, 219.7319, 0.0000
Sílvio, 6, 1318.3916, 0.7782
Raimundo, 2, 439.4639, 0.3010
Elisa, 8, 1757.8554, 0.9031
Juvenal, 1, 219.7319, 0.0000
Constança, 7, 1538.1235, 0.8451
Lia, 3, 659.1958, 0.4771
Salomé, 2, 439.4639, 0.3010
Carlos, 255, 56031.6414, 2.4065
Heloísa, 16, 3515.7108, 1.2041
Digno, 8, 1757.8554, 0.9031
Roberto, 1, 219.7319, 0.0000
Candice, 2, 439.4639, 0.3010
Lito, 5, 1098.6596, 0.6990
Dieter, 6, 1318.3916, 0.7782
Marcos, 10, 2197.3193, 1.0000
Miguel, 202, 44385.8493, 2.3054
