Santos,257,3614,136.5349,1489.6606,2.4099,7.3063
Saúde,319,1379,169.4732,568.4123,2.5038,6.3428
Liberdade,13,1133,6.9064,467.0131,1.1139,6.1464
Independência,2,819,1.0625,337.5850,0.3010,5.8218
União,81,708,43.0324,291.8317,1.9085,5.6762
Central,55,680,29.2195,280.2903,1.7404,5.6358
Campanha,12,390,6.3752,160.7547,1.0792,5.0799
Congo,10,370,5.3126,152.5109,1.0000,5.0272
Vitória,26,353,13.8129,145.5036,1.4150,4.9802
Castro,94,350,49.9388,144.2671,1.9731,4.9717
Cabo Verde,10,345,5.3126,142.2061,1.0000,4.9573
Progresso,2,345,1.0625,142.2061,0.3010,4.9573
Esperança,5,341,2.6563,140.5573,0.6990,4.9456
Luz,10,319,5.3126,131.4891,1.0000,4.8789
Cruz,116,310,61.6266,127.7794,2.0645,4.8503
Sousa,2,306,1.0625,126.1306,0.3010,4.8373
Porto,18,297,9.5628,122.4209,1.2553,4.8075
Modelo,1,274,0.5313,112.9405,0.0000,4.7269
Mendes,16,264,8.5002,108.8186,1.2041,4.6897
Posse,3,231,1.5938,95.2163,0.4771,4.5562
Viana,4,221,2.1251,91.0944,0.6021,4.5119
São Tomé,4,202,2.1251,83.2627,0.6021,4.4220
Passos,8,199,4.2501,82.0261,0.9031,4.4070
Riqueza,2,194,1.0625,79.9652,0.3010,4.3816
Gonçalves,7,173,3.7188,71.3092,0.8451,4.2670
São Paulo,647,157,343.7279,64.7141,2.8109,4.1700
Altos,2,153,1.0625,63.0653,0.3010,4.1442
Brasileira,15,142,7.9690,58.5312,1.1761,4.0696
Ouro,13,136,6.9064,56.0581,1.1139,4.0264
Passagem,1,128,0.5313,52.7605,0.0000,3.9658
Tavares,3,126,1.5938,51.9361,0.4771,3.9500
Martins,9,124,4.7814,51.1118,0.9542,3.9340
Fronteira,1,124,0.5313,51.1118,0.0000,3.9340
Oliveira,56,121,29.7508,49.8752,1.7482,3.9095
Cunha,4,116,2.1251,47.8142,0.6021,3.8673
Espírito Santo,42,111,22.3131,45.7533,1.6232,3.8233
Mata,11,109,5.8439,44.9289,1.0414,3.8051
Teixeira,32,108,17.0005,44.5167,1.5051,3.7959
Nova Iorque,10,107,5.3126,44.1045,1.0000,3.7866
Fronteiras,8,104,4.2501,42.8679,0.9031,3.7581
Bandeira,9,104,4.7814,42.8679,0.9542,3.7581
Peixe,54,104,28.6883,42.8679,1.7324,3.7581
Tesouro,10,100,5.3126,41.2192,1.0000,3.7189
Sério,2,100,1.0625,41.2192,0.3010,3.7189
Natal,57,93,30.2821,38.3338,1.7559,3.6463
Conceição,5,89,2.6563,36.6851,0.6990,3.6024
Serra,8,88,4.2501,36.2729,0.9031,3.5911
Reserva,2,86,1.0625,35.4485,0.3010,3.5681
Panamá,20,82,10.6253,33.7997,1.3010,3.5205
Tiros,2,79,1.0625,32.5631,0.3010,3.4832
Estação,10,76,5.3126,31.3266,1.0000,3.4445
Cardoso,7,75,3.7188,30.9144,0.8451,3.4312
Rio de Janeiro,978,69,519.5763,28.4412,2.9903,3.3478
Primavera,5,67,2.6563,27.6168,0.6990,3.3184
Marco,30,66,15.9379,27.2046,1.4771,3.3034
Queiroz,1,65,0.5313,26.7925,0.0000,3.2881
Aliança,4,61,2.1251,25.1437,0.6021,3.2246
Pedra,4,59,2.1251,24.3193,0.6021,3.1913
Oriente,6,57,3.1876,23.4949,0.7782,3.1568
Simões,1,55,0.5313,22.6705,0.0000,3.1211
Alegria,10,53,5.3126,21.8462,1.0000,3.0840
Fátima,6,53,3.1876,21.8462,0.7782,3.0840
Carmo,26,51,13.8129,21.0218,1.4150,3.0456
Diamante,2,51,1.0625,21.0218,0.3010,3.0456
Piedade,13,50,6.9064,20.6096,1.1139,3.0258
Feliz,2,49,1.0625,20.1974,0.3010,3.0056
Salvador,100,46,53.1264,18.9608,2.0000,2.9424
Sampaio,10,46,5.3126,18.9608,1.0000,2.9424
Capitão,4,46,2.1251,18.9608,0.6021,2.9424
Americana,19,46,10.0940,18.9608,1.2788,2.9424
Planalto,7,44,3.7188,18.1364,0.8451,2.8979
Segredo,1,43,0.5313,17.7242,0.0000,2.8749
Monteiro,17,42,9.0315,17.3120,1.2304,2.8514
Horizonte,10,42,5.3126,17.3120,1.0000,2.8514
Barcelona,205,42,108.9091,17.3120,2.3118,2.8514
Catarina,1,42,0.5313,17.3120,0.0000,2.8514
Jardim,17,41,9.0315,16.8999,1.2304,2.8273
Macau,3,41,1.5938,16.8999,0.4771,2.8273
Gaspar,1,41,0.5313,16.8999,0.0000,2.8273
Miranda,19,40,10.0940,16.4877,1.2788,2.8026
Coimbra,1,40,0.5313,16.4877,0.0000,2.8026
Barreira,1,39,0.5313,16.0755,0.0000,2.7773
Brasília,382,38,202.9429,15.6633,2.5821,2.7513
Descoberto,1,37,0.5313,15.2511,0.0000,2.7247
Coluna,1,37,0.5313,15.2511,0.0000,2.7247
Areia,4,36,2.1251,14.8389,0.6021,2.6973
Óleo,1,36,0.5313,14.8389,0.0000,2.6973
Datas,4,35,2.1251,14.4267,0.6021,2.6691
Harmonia,3,35,1.5938,14.4267,0.4771,2.6691
Bastos,11,34,5.8439,14.0145,1.0414,2.6401
Machado,7,34,3.7188,14.0145,0.8451,2.6401
Colômbia,126,33,66.9393,13.6023,2.1004,2.6102
Patrocínio,3,33,1.5938,13.6023,0.4771,2.6102
Panorama,3,33,1.5938,13.6023,0.4771,2.6102
Porto Alegre,28,31,14.8754,12.7779,1.4472,2.5477
Mendonça,2,31,1.0625,12.7779,0.3010,2.5477
Mesquita,17,30,9.0315,12.3657,1.2304,2.5149
Floresta,4,30,2.1251,12.3657,0.6021,2.5149
Rosário,3,30,1.5938,12.3657,0.4771,2.5149
Contagem,1,30,0.5313,12.3657,0.0000,2.5149
Casa Branca,145,29,77.0333,11.9536,2.1614,2.4810
Barra,102,29,54.1889,11.9536,2.0086,2.4810
Vertentes,1,29,0.5313,11.9536,0.0000,2.4810
Triunfo,1,29,0.5313,11.9536,0.0000,2.4810
Alegre,8,28,4.2501,11.5414,0.9031,2.4459
Santana,12,27,6.3752,11.1292,1.0792,2.4096
Guimarães,13,27,6.9064,11.1292,1.1139,2.4096
Prata,2,27,1.0625,11.1292,0.3010,2.4096
Fama,1,27,0.5313,11.1292,0.0000,2.4096
Torres,6,26,3.1876,10.7170,0.7782,2.3718
Estrela,6,26,3.1876,10.7170,0.7782,2.3718
Paraíso,4,26,2.1251,10.7170,0.6021,2.3718
Gouveia,2,26,1.0625,10.7170,0.3010,2.3718
Carolina,18,25,9.5628,10.3048,1.2553,2.3326
Barroso,5,25,2.6563,10.3048,0.6990,2.3326
Pinheiro,17,23,9.0315,9.4804,1.2304,2.2492
São Pedro,14,23,7.4377,9.4804,1.1461,2.2492
Vera,11,23,5.8439,9.4804,1.0414,2.2492
Cláudio,4,23,2.1251,9.4804,0.6021,2.2492
Painel,1,23,0.5313,9.4804,0.0000,2.2492
Cordeiro,2,22,1.0625,9.0682,0.3010,2.2048
Santiago,8,21,4.2501,8.6560,0.9031,2.1583
Cruzeiro,39,21,20.7193,8.6560,1.5911,2.1583
Resende,27,21,14.3441,8.6560,1.4314,2.1583
Palmas,2,21,1.0625,8.6560,0.3010,2.1583
Salto,4,20,2.1251,8.2438,0.6021,2.1095
Malta,5,20,2.6563,8.2438,0.6990,2.1095
Cristina,34,20,18.0630,8.2438,1.5315,2.1095
Aguiar,2,20,1.0625,8.2438,0.3010,2.1095
Chaves,1,20,0.5313,8.2438,0.0000,2.1095
Barreiras,1,20,0.5313,8.2438,0.0000,2.1095
Roteiro,6,19,3.1876,7.8316,0.7782,2.0582
Califórnia,48,19,25.5007,7.8316,1.6812,2.0582
Princesa,2,19,1.0625,7.8316,0.3010,2.0582
Bahia,118,18,62.6892,7.4194,2.0719,2.0041
Nobres,1,18,0.5313,7.4194,0.0000,2.0041
Sorriso,8,17,4.2501,7.0073,0.9031,1.9469
Assunção,8,17,4.2501,7.0073,0.9031,1.9469
Fortaleza,44,17,23.3756,7.0073,1.6435,1.9469
Bonito,1,17,0.5313,7.0073,0.0000,1.9469
Flores,2,16,1.0625,6.5951,0.3010,1.8863
Barbosa,19,16,10.0940,6.5951,1.2788,1.8863
Salgado,1,16,0.5313,6.5951,0.0000,1.8863
Santa Maria,6,15,3.1876,6.1829,0.7782,1.8218
Conde,5,15,2.6563,6.1829,0.6990,1.8218
Quadra,3,15,1.5938,6.1829,0.4771,1.8218
Galvão,2,15,1.0625,6.1829,0.3010,1.8218
Barras,1,15,0.5313,6.1829,0.0000,1.8218
Osório,11,14,5.8439,5.7707,1.0414,1.7528
Lagoa,39,14,20.7193,5.7707,1.5911,1.7528
Florestal,1,14,0.5313,5.7707,0.0000,1.7528
Guarujá,8,13,4.2501,5.3585,0.9031,1.6787
Equador,64,13,34.0009,5.3585,1.8062,1.6787
Palestina,7,13,3.7188,5.3585,0.8451,1.6787
Assis,6,13,3.1876,5.3585,0.7782,1.6787
Sonora,3,13,1.5938,5.3585,0.4771,1.6787
Renascença,2,13,1.0625,5.3585,0.3010,1.6787
Montenegro,2,13,1.0625,5.3585,0.3010,1.6787
Salinas,1,13,0.5313,5.3585,0.0000,1.6787
Catalão,1,13,0.5313,5.3585,0.0000,1.6787
Mercedes,13,12,6.9064,4.9463,1.1139,1.5986
Damião,8,12,4.2501,4.9463,0.9031,1.5986
Palma,1,12,0.5313,4.9463,0.0000,1.5986
Belém,8,11,4.2501,4.5341,0.9031,1.5116
Pesqueira,2,11,1.0625,4.5341,0.3010,1.5116
Lençóis,1,11,0.5313,4.5341,0.0000,1.5116
Minas Gerais,58,10,30.8133,4.1219,1.7634,1.4163
Sabino,4,10,2.1251,4.1219,0.6021,1.4163
Maravilhas,2,10,1.0625,4.1219,0.3010,1.4163
Glória,14,9,7.4377,3.7097,1.1461,1.3110
Flórida,98,9,52.0639,3.7097,1.9912,1.3110
Caldas,9,9,4.7814,3.7097,0.9542,1.3110
Braga,6,9,3.1876,3.7097,0.7782,1.3110
Paraná,44,9,23.3756,3.7097,1.6435,1.3110
Jordânia,19,9,10.0940,3.7097,1.2788,1.3110
Dourados,2,9,1.0625,3.7097,0.3010,1.3110
Castelo,11,8,5.8439,3.2975,1.0414,1.1932
Aurora,9,8,4.7814,3.2975,0.9542,1.1932
Curitiba,19,8,10.0940,3.2975,1.2788,1.1932
Cláudia,3,8,1.5938,3.2975,0.4771,1.1932
Armazém,2,8,1.0625,3.2975,0.3010,1.1932
Seabra,1,8,0.5313,3.2975,0.0000,1.1932
Farol,1,8,0.5313,3.2975,0.0000,1.1932
Mariana,16,7,8.5002,2.8853,1.2041,1.0596
Costa Rica,16,7,8.5002,2.8853,1.2041,1.0596
Pernambuco,99,7,52.5951,2.8853,1.9956,1.0596
Amparo,8,7,4.2501,2.8853,0.9031,1.0596
Santarém,5,7,2.6563,2.8853,0.6990,1.0596
Porto Rico,25,7,13.2816,2.8853,1.3979,1.0596
Terra Nova,1,7,0.5313,2.8853,0.0000,1.0596
Pescador,1,7,0.5313,2.8853,0.0000,1.0596
Madalena,1,7,0.5313,2.8853,0.0000,1.0596
Congonhas,1,7,0.5313,2.8853,0.0000,1.0596
Carlos Gomes,1,7,0.5313,2.8853,0.0000,1.0596
Buenos Aires,109,6,57.9078,2.4731,2.0374,0.9055
São José,10,6,5.3126,2.4731,1.0000,0.9055
Placas,4,6,2.1251,2.4731,0.6021,0.9055
Alexandria,5,6,2.6563,2.4731,0.6990,0.9055
Tailândia,27,6,14.3441,2.4731,1.4314,0.9055
Maranhão,25,6,13.2816,2.4731,1.3979,0.9055
Franca,2,6,1.0625,2.4731,0.3010,0.9055
Dionísio,2,6,1.0625,2.4731,0.3010,0.9055
Sombrio,1,6,0.5313,2.4731,0.0000,0.9055
Santa Isabel,1,6,0.5313,2.4731,0.0000,0.9055
Barro,1,6,0.5313,2.4731,0.0000,0.9055
Medina,12,5,6.3752,2.0610,1.0792,0.7232
Camargo,12,5,6.3752,2.0610,1.0792,0.7232
Lapa,77,5,40.9073,2.0610,1.8865,0.7232
Leme,29,5,15.4067,2.0610,1.4624,0.7232
Pará,28,5,14.8754,2.0610,1.4472,0.7232
Alagoas,27,5,14.3441,2.0610,1.4314,0.7232
São Bernardo,24,5,12.7503,2.0610,1.3802,0.7232
Virgínia,2,5,1.0625,2.0610,0.3010,0.7232
Una,2,5,1.0625,2.0610,0.3010,0.7232
Raposa,3,5,1.5938,2.0610,0.4771,0.7232
Portão,2,5,1.0625,2.0610,0.3010,0.7232
Caraíbas,3,5,1.5938,2.0610,0.4771,0.7232
Realeza,1,5,0.5313,2.0610,0.0000,0.7232
Pintadas,1,5,0.5313,2.0610,0.0000,0.7232
Paulo Afonso,1,5,0.5313,2.0610,0.0000,0.7232
Filadélfia,16,4,8.5002,1.6488,1.2041,0.5000
Wagner,15,4,7.9690,1.6488,1.1761,0.5000
Recife,121,4,64.2830,1.6488,2.0828,0.5000
Trindade,10,4,5.3126,1.6488,1.0000,0.5000
Marília,7,4,3.7188,1.6488,0.8451,0.5000
Maracanã,54,4,28.6883,1.6488,1.7324,0.5000
Paulista,40,4,21.2506,1.6488,1.6021,0.5000
São Valentim,5,4,2.6563,1.6488,0.6990,0.5000
Belo Horizonte,38,4,20.1880,1.6488,1.5798,0.5000
Bandeirantes,4,4,2.1251,1.6488,0.6021,0.5000
Alcântara,4,4,2.1251,1.6488,0.6021,0.5000
Recreio,32,4,17.0005,1.6488,1.5051,0.5000
Sergipe,27,4,14.3441,1.6488,1.4314,0.5000
Veríssimo,2,4,1.0625,1.6488,0.3010,0.5000
Cristal,2,4,1.0625,1.6488,0.3010,0.5000
Vera Cruz,1,4,0.5313,1.6488,0.0000,0.5000
Maravilha,1,4,0.5313,1.6488,0.0000,0.5000
Encanto,1,4,0.5313,1.6488,0.0000,0.5000
Coração de Jesus,1,4,0.5313,1.6488,0.0000,0.5000
Canoas,1,4,0.5313,1.6488,0.0000,0.5000
Bebedouro,1,4,0.5313,1.6488,0.0000,0.5000
Palmeiras,171,3,90.8462,1.2366,2.2330,0.2123
Tocantins,11,3,5.8439,1.2366,1.0414,0.2123
Boa Vista,9,3,4.7814,1.2366,0.9542,0.2123
Goiás,66,3,35.0634,1.2366,1.8195,0.2123
Pimenta,7,3,3.7188,1.2366,0.8451,0.2123
Alvorada,6,3,3.1876,1.2366,0.7782,0.2123
Amazonas,44,3,23.3756,1.2366,1.6435,0.2123
São Vicente,4,3,2.1251,1.2366,0.6021,0.2123
Mato Grosso,29,3,15.4067,1.2366,1.4624,0.2123
Santa Bárbara,2,3,1.0625,1.2366,0.3010,0.2123
Palmares,2,3,1.0625,1.2366,0.3010,0.2123
Mombaça,3,3,1.5938,1.2366,0.4771,0.2123
Bela Vista,3,3,1.5938,1.2366,0.4771,0.2123
Atibaia,3,3,1.5938,1.2366,0.4771,0.2123
Angélica,2,3,1.0625,1.2366,0.3010,0.2123
Messias,1,3,0.5313,1.2366,0.0000,0.2123
Juramento,1,3,0.5313,1.2366,0.0000,0.2123
Olaria,12,2,6.3752,0.8244,1.0792,-0.1931
Amapá,13,2,6.9064,0.8244,1.1139,-0.1931
São Francisco,11,2,5.8439,0.8244,1.0414,-0.1931
Ceará,79,2,41.9699,0.8244,1.8976,-0.1931
Olímpia,8,2,4.2501,0.8244,0.9031,-0.1931
Campo Grande,77,2,40.9073,0.8244,1.8865,-0.1931
Laranjeiras,44,2,23.3756,0.8244,1.6435,-0.1931
Iracema,5,2,2.6563,0.8244,0.6990,-0.1931
Colina,4,2,2.1251,0.8244,0.6021,-0.1931
Campinas,31,2,16.4692,0.8244,1.4914,-0.1931
São Sebastião,25,2,13.2816,0.8244,1.3979,-0.1931
São Jorge,26,2,13.8129,0.8244,1.4150,-0.1931
Olinda,24,2,12.7503,0.8244,1.3802,-0.1931
Sobral,2,2,1.0625,0.8244,0.3010,-0.1931
Prado,3,2,1.5938,0.8244,0.4771,-0.1931
Getúlio Vargas,2,2,1.0625,0.8244,0.3010,-0.1931
Concórdia,2,2,1.0625,0.8244,0.3010,-0.1931
Cavalcante,2,2,1.0625,0.8244,0.3010,-0.1931
Orleans,1,2,0.5313,0.8244,0.0000,-0.1931
Lorena,1,2,0.5313,0.8244,0.0000,-0.1931
Gonzaga,1,2,0.5313,0.8244,0.0000,-0.1931
Estiva,1,2,0.5313,0.8244,0.0000,-0.1931
Esteio,1,2,0.5313,0.8244,0.0000,-0.1931
Barão,1,2,0.5313,0.8244,0.0000,-0.1931
Áurea,1,2,0.5313,0.8244,0.0000,-0.1931
Vassouras,12,1,6.3752,0.4122,1.0792,-0.8863
Niterói,102,1,54.1889,0.4122,2.0086,-0.8863
Ribeira,9,1,4.7814,0.4122,0.9542,-0.8863
Nantes,9,1,4.7814,0.4122,0.9542,-0.8863
Anchieta,8,1,4.2501,0.4122,0.9031,-0.8863
Santa Cruz,68,1,36.1260,0.4122,1.8325,-0.8863
Pedreira,6,1,3.1876,0.4122,0.7782,-0.8863
Paraíba,56,1,29.7508,0.4122,1.7482,-0.8863
Salgueiro,44,1,23.3756,0.4122,1.6435,-0.8863
Ubatuba,4,1,2.1251,0.4122,0.6021,-0.8863
Castanheira,4,1,2.1251,0.4122,0.6021,-0.8863
Imperatriz,29,1,15.4067,0.4122,1.4624,-0.8863
Tubarão,3,1,1.5938,0.4122,0.4771,-0.8863
Tietê,3,1,1.5938,0.4122,0.4771,-0.8863
São Bento,19,1,10.0940,0.4122,1.2788,-0.8863
Rosana,2,1,1.0625,0.4122,0.3010,-0.8863
Palmeira,2,1,1.0625,0.4122,0.3010,-0.8863
Loreto,2,1,1.0625,0.4122,0.3010,-0.8863
Leopoldina,2,1,1.0625,0.4122,0.3010,-0.8863
Lages,2,1,1.0625,0.4122,0.3010,-0.8863
Granja,2,1,1.0625,0.4122,0.3010,-0.8863
Centenário,3,1,1.5938,0.4122,0.4771,-0.8863
Capitólio,2,1,1.0625,0.4122,0.3010,-0.8863
Boa Esperança,2,1,1.0625,0.4122,0.3010,-0.8863
Arame,2,1,1.0625,0.4122,0.3010,-0.8863
Turvo,1,1,0.5313,0.4122,0.0000,-0.8863
Restinga,1,1,0.5313,0.4122,0.0000,-0.8863
Formiga,1,1,0.5313,0.4122,0.0000,-0.8863
Consolação,1,1,0.5313,0.4122,0.0000,-0.8863
Araguari,1,1,0.5313,0.4122,0.0000,-0.8863
Total de Cidades em Comum entre os dois Grupos: 313

